266236083
15403603
378405803
536739007
489156329
776342144
149131944
922976272
327103240
36292053
862798236
536408229
828350902
253049936
79857887
891410359
844080233
407067235
797551963
157792644
265321330
220592145
603467036
617478894
380442565
143314291
941130115
444953267
912043678
781602852
878471577
30333768
596941675
758580731
469034327
420192346
76600136
974011422
629204328
350078303
271559071
754712867
433203813
270601803
789186589
212001221
275704002
431032690
717086133
304240283
30850176
720391714
719892512
891066864
901785756
532968336
238282525
195858182
944165093
643755492
13361533
103215601
833789884
294647401
476637862
928696725
300177494
593027484
498050559
411415797
197630545
762175258
688575370
495080216
884900565
164457449
632545255
449022172
604099183
122580951
74813158
712681229
500501510
463325903
769688148
307748832
872703646
2143920
647117570
603740379
821479335
851754945
891101005
152629295
489581812
497037812
254682270
180205945
123507519
99899552
907163191
433833815
613811360
388296788
361514748
596644044
894637456
146575765
105586597
119751505
213853999
591863125
604560028
495082162
936700934
507220998
529808412
148682709
674199456
703179442
217851979
990013832
626883186
122428306
8710726
83881348
10783376
435853240
253156543
728226893
146511151
724345946
357577409
585025053
406877305
263233131
435345098
833751410
749719696
466214643
828908017
435062460
441415054
223703637
765921211
27859533
908707773
364730622
236013025
822998102
818513575
879161445
214116451
500428461
169668008
564921001
146135898
741313595
71396571
407648101
413626060
87366122
813485814
49851365
160655467
526976930
441886633
620201783
891673116
401522099
365082883
814050309
70254922
126622464
311008109
409361600
144574087
418048142
984764930
286804035
635389531
966027756
851644812
482126303
763848300
762127477
352841431
629012458
267150312
185818663
418147490
372930724
177363753
157975313
428165776
115498617
256909662
321257999
744906312
400728197
412120375
55910413
187218099
935768658
297594945
178951155
176834641
270161603
604911489
113143660
683851202
744562966
569881641
54154450
239960525
387636277
658791761
609311373
135502828
152787408
477744956
706788942
266663083
438382634
336636309
16713691
356127629
231642630
443181282
394738259
766867241
25353294
841895336
945290394
94199418
145969158
416180460
852136624
406470314
253590509
281973964
344526909
528830052
921641970
960464905
45437291
552047938
431549131
369975103
655189688
357942372
240461041
45167223
701484811
429302887
254856525
57019218
219730968
475727239
643351892
958593874
419011692
719204755
771702731
773011055
561643277
796024251
524685632
242219293
3974572
552296006
567118352
799754577
565024421
510654627
872868862
525608202
801757954
373636478
256877493
181201349
608956575
364522911
614982250
189700967
526690336
808487247
802611388
518090887
596046561
730095702
367121534
717031318
89790657
690219263
474221639
422167524
55404657
938661374
712683820
734196090
349544489
724944544
355040326
890794830
285434913
328473522
618492865
497665076
811128588
691046119
285020607
776772762
871001666
923974534
484196637
662910313
642515739
274255070
83408914
406358836
10736121
179055771
43248518
580035149
838528412
178121917
176668720
139406994
570318113
610563543
245843805
694828995
57931412
902845363
266032376
80687081
720519512
415036755
701955357
818255327
889755863
697322852
947152808
539564294
296354365
815601808
897348087
408329038
190227932
287031276
637217742
51164646
327765397
263572370
975487641
718828909
320936041
397590806
42154349
199949955
791488042
574782690
620831477
946205830
604162815
691735795
567265708
667814945
662761844
536831635
287836287
645857521
991361964
887672722
921944217
202280430
241464863
34264087
19745173
486074465
369244371
165189781
65558263
730123993
77065056
249008854
940809126
907822470
432238581
139691557
629504299
150203562
117405706
744062008
923335539
844692900
64758294
10896362
649871644
236896069
614192454
298864869
411380022
271125139
741886531
179375576
371931738
785809699
475523306
776673253
117794297
829414365
41672506
930123720
3948054
432113010
909046801
33653748
261467034
194825736
994011976
987550431
934347496
747000888
151749079
331060273
636708078
941847048
856632429
868598098
792341511
189759444
785455265
745113345
488926654
119763
368661742
461710148
515080405
535331817
465854804
923716533
851651098
479531696
617735121
278582308
840105549
977113387
235770535
215096222
942678905
131643817
507692057
680783004
324370615
942947223
232877042
253795629
113110965
182189837
297857140
773180877
400283437
706883711
591878451
944161851
270898753
184639199
948419871
896825916
837415254
245724457
894436798
22455518
729836080
77282774
82002959
394813138
336122996
477798671
809750960
342560174
951783269
104639631
906336801
45467974
137960548
234360487
757712409
806525993
33557062
786934877
548336911
134441219
157000815
358663238
457142716
476224430
910604724
830071343
14770313
192750034
924511335
997167338
593196183
347319414
903878154
61065701
478539069
287154192
679638662
803905744
138502330
117381590
631240565
850963861
618396311
124612245
600268198
549681697
600545328
945864882
725037365
95068289
284740646
961477768
543285413
36458866
342364057
677608944
243295040
420934299
849449538
907637869
553868574
852870656
126795889
714211360
526845856
753612783
142706471
474881430
10195510
271956662
570603805
677085739
685701241
990599891
372791216
221910272
224314714
44615032
860966701
404645955
1890890
794674806
100159209
718594409
750761875
589122890
279912917
790502035
345952184
156614198
595769725
187497371
459464786
800998978
233141500
492784691
405703727
301740282
762907359
365379980
843686588
958604638
492086303
516836966
18522872
325034483
690489851
209537699
601574177
146183617
892377070
760141881
43708946
715053793
535523865
672958234
122197280
510940878
919851676
631096904
877411196
592471861
521557844
79167263
76185056
375295376
103812792
735593605
963432472
382562145
316947585
601279039
298229718
607976706
932934946
789508693
21358087
647621320
411048771
797189005
337632726
310593419
258485584
163488790
685160374
545466075
512898132
256006309
431219602
436168808
385851244
246478966
579433214
513093889
866838656
318549834
163747681
92434747
777955758
313672335
405456878
409062292
831177543
300319657
148073836
662599641
831244259
942796491
299289407
711178071
736012872
981180751
448511334
938459338
135168798
79288923
74232678
135257667
57823787
210139518
529712687
690657410
317350217
402460991
417149146
111506576
57993773
419852588
347995756
211880210
744560166
267678336
886593250
809147997
388193713
718487621
372008362
521754386
103811740
49862896
177502764
124052475
959672587
421265613
249188924
751166302
713577818
971901149
301498021
19217952
636668556
350619077
872028375
785050358
163299226
43770679
163808371
546331785
634608825
380336519
49200782
842498095
93019106
156042629
981144620
938573065
886043213
900567853
302241643
688397009
783956548
692996050
800565446
269693331
41499479
388316732
411122963
585264672
982981663
665607161
155615708
245450213
316297551
491410256
105288789
974018588
952248289
589529084
266310670
76938229
85425890
937829286
474112027
791220460
151133219
423107590
761829615
911883880
162794229
817775388
705931773
123412144
149290271
441399661
307923021
34934719
985395472
914583003
334568558
463525876
432820479
100151474
574120817
676702129
87630220
832419783
156553882
604045547
143854603
646770543
78716961
106706764
18272619
309032875
150271902
926920814
591538281
520882724
451178857
194340225
988137547
974529442
587178338
556853812
917358345
288565602
637814640
313884828
352204755
788754414
106668505
686405264
36229547
706372988
967786644
307642803
917627123
44233068
126074483
776209940
483447809
972245821
490101147
846410018
601006251
258342161
304154609
428256911
874423026
899634957
340766662
970594369
724713408
891172277
956148151
135752489
920622946
615824403
927112578
237528008
279931523
978562403
365899230
535671060
922929901
550384918
71575693
828273457
544887212
283813005
567084964
658144041
373756089
28722867
80968711
756862740
717393190
784061497
536083723
191286797
600617141
15018582
5400537
187964084
349772287
476703752
717831202
207356185
358310411
448059972
997841313
694092262
370913054
927376858
736743566
42355158
957601710
86904800
440114467
850483447
42044429
112350413
367734978
651649960
180445118
741435332
664655360
29313449
287489606
897900582
383634481
419258378
494608694
125005689
752455717
99184748
899175650
616823253
259110363
49763411
426242586
456110310
876533234
368392319
997995821
220199583
382565814
274466887
582459528
988844325
97370240
193027524
721838510
376682420
292127885
308709145
471188499
487981455
586415742
478799121
611218000
620998497
86747844
296451719
819611512
608107325
401048516
235659929
568338273
160089639
768921386
859354181
690297512
182521225
834652184
441707536
845148964
174993440
329108126
805725335
649291551
796056677
255371846
207086776
332155436
873743560
42799713
686974416
802615281
578485140
700734429
631013082
960926497
293382082
460286179
307268929
704109704
131354895
608838062
238552307
901945291
410541278
908496800
605643987
468450266
689596872
736944691
546137315
135851944
41855967
84342159
934730987
397359367
725168026
501331093
498187961
412979520
478721048
291772320
714969815
383728269
642143504
611612615
622935130
880154594
349899922
996294354
491118304
113777213
566991901
683770376
949926875
565014441
755237664
440745543
640707847
591354719
881239755
389186622
134432051
956847715
979756313
814674340
242524585
346666146
4123940
859968736
315048109
893646750
400517609
92872631
909014605
228591899
706896242
904306372
685227915
962559352
258716075
959576927
394867261
202309773
824101971
582081678
630042598
766155168
878521697
398073714
822689685
554837313
904037394
191078105
795939093
453862892
832506818
984884547
378800773
543409521
533610396
364569357
961039213
8779019
372167643
899009293
798487279
453123985
249495937
721861163
307832533
580816697
420911697
107597620
631088531
55870669
168547039
718920857
420888121
644285647
679487814
424716079
75755487
223627561
10661739
118542205
866266448
341394259
595571697
633489
782842600
447583456
600566184
376667953
660047832
157652146
614386643
759743434
781240571
897943030
627018748
55153747
56834977
352794401
40430844
696635022
964749848
716619658
137704124
290073324
616516484
70172837
574525805
288347847
626605273
155381453
524211093
587574697
509949861
687841665
410431916
963680288
719269948
393928957
610832831
531941458
360287529
360910068
326792882
968599161
746983576
970972717
262858026
283131493
732179690
800670111
295644572
246259651
129024649
752209179
839915833
745659314
949636184
164278332
995049465
786774891
426767296
454573321
197826959
700372359
732151444
553923089
977183196
81849927
495166387
72817549
215065678
23689758
861504576
929413724
44788706
738804662
106436127
425974793
616914178
115455363
769819089
83891525
677395184
855000738
443635644
786221622
599039520
970558701
706520029
212945204
628818498
407773213
173130484
64943836
822999452
598799385
536449212
881533015
335801365
303635010
758636711
500733964
402955730
384733622
292537515
837203459
416653728
402453604
741479328
570346734
738414553
229025694
849316047
312803669
74290058
745819067
415729823
902611087
437274846
876765308
677707500
438636397
305238630
817998732
542645014
815289909
164090883
902011196
762888751
52657817
450474506
53343801
175033102
161038299
313971439
556171152
966857537
265715022
862455036
60788061
555053603
476679223
470541758
392046042
11766491
924482664
620954794
217695224
914323602
564506321
898179824
991468152
75162697
789007369
771157110
59429351
450684161
580227066
655798774
523180846
116803777
152155043
823094208
333837008
87213048
563521154
612048836
210174754
297946875
590332449
644964619
950343347
190889719
729135695
376217896
132748590
752828379
351373587
578489112
518252406
501797426
991178152
960402669
639684660
423827626
698719888
643366434
756565101
459873717
849622465
337219557
777071741
708352523
137074554
557000991
855987446
435094167
811988048
493420327
954720120
28700801
398702329
812188983
166823277
997618010
308409314
107522501
672012955
302134852
606511177
548882361
439385626
141187376
109090465
149148070
454513666
656230855
248603193
188511151
77105112
401827962
159214885
529938985
986019370
972379043
292854472
335788636
681701366
132652922
696876153
785599076
358371039
249423178
952158948
752530847
31098622
758374966
189826753
502994862
637326364
211837629
208351775
612331268
721968762
469785957
955065685
680963258
281766055
649534039
693545304
49451703
676083344
880632698
478850602
543763832
236161571
667473089
229986715
201017071
587195693
918447192
514295641
936261584
477064217
710877719
990937446
389158014
739176056
681071900
465477290
144410549
780518882
771000557
761189910
14058613
771458184
841320195
309023476
935860697
783812593
283729270
492598182
52310598
81254552
863486457
216920118
339550308
871975835
839771028
40151515
723598832
410018008
72662318
689555230
806630496
82582363
285961142
566344831
682507227
97856707
882584292
924453325
715560478
769585631
850585992
976222931
117520026
642123653
782498039
727155915
514387495
370271798
208340439
30145083
432815041
159261567
699973203
772645307
459568222
753029080
583660379
55771425
749808904
323743692
554451365
434337448
937474438
678098993
934468578
371556873
931833650
526007000
126921228
828794209
645066559
940644836
706832260
684640317
204838965
426104814
727406170
737879675
713076742
625104898
828833602
801410991
49821068
8021071
241927026
556016003
338825458
907117286
683525055
975046940
106234751
409156740
126891557
477181322
862803654
615634134
728605760
566073253
799004172
344606895
239485560
697850325
705858873
336558143
532963822
219900391
929980138
324289432
995657598
557017976
211032762
897814914
507964866
278439194
828592638
117634123
678590105
479766033
586686295
233685153
328328887
891680019
783220660
735639528
424710293
936462868
77069179
636072517
467734699
896510340
123594442
291548980
411095496
777251933
53894760
245053268
287911988
997009739
175717458
880437817
574541880
119306023
679096671
132798007
700237268
830501370
552372002
294336948
323596773
996424195
503216736
615502856
376199432
100944156
967718838
629882781
981271834
581721793
588078789
503097732
179646390
136238794
495591852
376313120
179961175
681717722
115527590
17902163
677010229
171253273
906585828
347791733
912099219
491375516
548021615
219571422
555549822
802644552
524660989
510754554
88363859
174819371
307875864
878022779
884804340
259138732
331656828
311089337
764471485
711483123
465612462
450659379
947840801
841276052
638304982
158482487
186260353
615895888
566861716
207817462
322889449
617692251
611766645
839536860
591537231
728060403
416551202
709672956
599453511
490952334
460018365
869770546
228230705
557996914
499795048
153416729
624121957
214118612
417002324
953631041
284986501
30454883
76072764
420653018
347555177
90681977
981867179
586888446
132772581
935470653
512629755
931883709
378291374
494568767
52340622
735133737
222157362
656485260
554189661
486392269
839136362
518896822
668863017
836547959
880224244
814427024
3076501
476351334
128591333
349245378
682543486
34427478
936181552
978465199
216637629
617250428
307414726
234533998
154542806
542920125
369623223
75723673
315503527
352710938
967857061
980740692
891412386
312045164
213143271
406210335
60550741
969233442
419842442
862502635
278411034
874464030
173509328
578101962
748355874
321035202
838904375
372800886
817914838
185153481
940268182
790423895
275452583
102708634
552438729
574563684
392096064
414792147
238343533
546271330
146556297
540773511
213538035
128314641
791072389
119558756
642015175
158294100
90725952
774156468
489848949
169659402
464446666
364202320
115263482
541536354
190059870
370109871
657253428
213106274
21497891
135096763
452855630
632936077
639189874
938609288
961227681
846379300
30792822
142374958
53848081
520177780
529380995
190544307
194581392
652558746
810836926
377403064
349156557
972286514
908309685
152088973
984117799
379776022
472509894
98884026
770375542
219458409
877699025
622621952
906398177
944767418
148537055
259633062
903677448
23723785
314823781
465840387
651584446
851703057
349516128
895543061
150661157
50028820
697587721
302396717
95360324
600236476
955924666
813173199
590208124
62662361
943646744
824111486
706710692
473739230
562156750
723219499
897001528
166007720
453541705
423153109
386919302
318084339
91562291
819302174
12317201
918312071
701114411
767540957
636591289
716031313
610686637
4215455
679249466
145182676
342054697
513657164
886826972
305407517
598248279
962389275
728498247
369501364
596455910
879311806
393534083
447465357
538140609
318716039
939742744
840154778
20064156
114128908
929157020
939071944
874619024
461084741
93733715
316770042
456478538
519154525
590554366
378416783
708899029
590123709
123128957
467125502
170582290
857715109
838302022
984178895
2025914
617845595
23749005
681181939
89346646
122972280
707670185
341052595
57707534
364278604
904104106
708593381
507653775
189245827
86276227
111579390
468868734
23171864
468164787
856612115
926238117
575249585
844017336
548596360
45656186
727482969
263266978
139386530
379641703
701472146
85789498
477438864
346429638
72395247
964442082
67103683
776029631
71293764
411576567
324949490
462833798
52196730
682924171
423521137
908579453
382224416
639655076
851957060
200984960
189801564
924135954
128472895
446422529
927254418
736801824
73175393
973283731
304617359
746399740
326811866
17198058
90470591
224437236
815874863
787303703
626164282
713026082
937947117
439834368
65536918
590427517
287719562
524163126
964018697
156578327
955765550
499155660
784997584
646387169
696682425
919863041
355631091
462036914
869779930
51632329
690166258
657462766
81999145
292870028
421471757
789348284
781452521
230013366
614192267
858907994
641381628
287140472
771122251
568576931
129919771
203605454
664790801
405466257
900475169
771988738
993720965
334563361
378489891
218085431
880756172
594413845
462247330
120817438
807451934
93574105
555864132
947010146
27220214
459772839
473968224
250051573
961763220
602434576
194285648
502526320
11576006
20303306
637750769
156045191
747379103
785351784
169881308
758286546
844475575
749050629
359660551
35687263
729774139
795944291
775378174
195373996
200296508
696216175
420176150
224706057
777892870
74201009
800022828
248056523
374536018
657266615
864958609
366999694
859380026
326077636
809729793
647945926
549166480
647827
689591305
709834033
247150454
431206489
50030403
753368564
78797535
419247826
171150544
758344976
953752832
127000043
418274813
538411446
796750433
263905052
278984261
602439313
857971806
53007877
105698716
991834356
533651365
345755469
729233228
723554056
72836697
37912192
900219904
79245767
586328972
827832154
61929584
554363836
870539418
332247053
51082755
578493439
761073755
489478515
962466025
290976058
508533879
288492480
771304980
323678080
930630182
166492722
884233981
961737902
879918293
520124889
91581192
441683074
448922789
452929434
662321124
800906780
639133861
395820479
785111253
49899708
704612831
893371659
825359060
225170893
521795235
303509670
886663943
797861947
58430790
68728083
48100935
423464691
720045213
531291798
422333659
629646482
688171309
927775593
112341721
896545829
796950008
303396697
799216157
201480258
713595314
383569537
99666756
792396471
492546416
577242021
974108690
77795036
24107303
879432579
601421321
475217720
565015221
856361254
24439524
331169761
521499024
226362534
500292740
154554522
87243502
285994029
200950040
701629400
921081682
72278448
119201118
23242758
873270676
747581443
703001150
952445220
947476141
925835332
96798957
980986546
668879356
183395423
706090995
846453769
316016270
216786794
720131907
888233475
408514981
302048866
361447597
433433407
453297020
603371903
772157823
840871562
230500860
632647576
409998729
202358682
461917459
491510896
742942488
784761777
919327958
146995086
419386859
26494954
451023461
100864325
599476039
118014968
413628384
232636232
50837767
329536962
940927623
174844485
344302489
751000106
771545282
944473208
553919833
73926689
491091593
875722672
715309216
433796055
845440218
566458697
229098559
131528975
366021007
894959393
66119486
780949751
629664023
754727805
240593409
626983385
119508630
73179379
325485223
125831695
413742232
937932121
421895943
456505719
525489935
32153526
138778216
782072281
444685808
482162877
881188125
626001946
469272370
473008509
962241415
889538169
43149158
884863878
465797479
679938337
214887036
42085066
830946790
646554409
667267631
103713729
290802751
79951805
433114503
102619083
909451158
327255116
736649965
810255937
435569921
413132845
129317001
256662280
72997954
379684145
378267726
545083395
206897205
10853462
839112984
79819470
862226318
104987671
412009954
846079171
933685723
302626889
139252124
955923770
558438529
774162362
455679967
425765544
182811064
494910514
802332835
215557675
486109480
28380173
756566578
358528666
312626586
569652995
884824439
170491042
266936489
709925174
678518386
520838053
520537868
260542198
675208713
100880065
4628093
136811392
621126057
412897292
482336063
562035430
798328541
295850588
802963815
495560994
364515973
402224600
651866172
638101715
140750825
827824412
239101123
816397533
465076188
707057487
595850279
765788662
16970891
801515340
903847549
83326969
57886047
956160395
290970304
985062321
834390085
325019496
337825834
350934
748573644
644401914
873263038
255371228
487319160
465742522
346727753
333079976
430485440
927973749
67357456
594823968
344943873
206828627
279703780
377566551
486561232
434775852
845774646
964311950
387100060
112637282
717300261
661240344
100067571
333458562
662026608
746011978
942828049
822764492
374715847
10785260
631915617
389240785
109126593
43868638
457305664
988627832
891491876
284566570
643915878
720241796
399384024
167398833
208188645
811199713
216804671
861766997
708035579
570824982
794458355
889132216
712207003
818960255
447980641
241504131
924771355
19005477
663262438
369262158
124420219
459698452
857856740
760928870
475304822
20564662
740398049
337911197
254531125
336320691
354530903
563101784
58067538
833618867
751296948
434363694
146306721
293464769
503199117
502781650
269312389
807475723
107524287
601144029
644126742
660183382
337248790
516523759
838382369
596943560
234361833
335862933
847088449
279319788
776267700
415112581
246917108
318517003
753534613
970894799
566273286
487490259
545298839
950164045
48422204
353722130
530606255
703772982
241530676
252165729
207984548
649641847
429240950
461766134
26425599
367118536
136131120
646078927
240695171
956959409
234043433
475079145
637835801
690908282
447637771
925175396
625836665
180358407
243063515
962982332
94729295
464947859
445922488
161697860
179738515
726402790
283369492
462923822
844306499
281995327
130915193
428414973
877043311
501978546
573332298
621407278
374142578
895463240
279832436
381711805
850954212
730820905
443093628
271568260
867227390
627481200
249266282
880594543
888682682
874388969
225755013
298631715
871987959
684266818
682286107
472689600
360198121
210568054
168979556
21162909
941619584
143587079
879673711
663052173
963013276
579038108
561090361
925840885
494134126
306874268
678168464
770745827
826591983
297253557
661800506
448412481
968940139
588049582
187839173
723765622
585401556
875063783
319613568
494202139
407357452
264742275
111447896
157003964
683158215
26354414
231962180
86327737
704605122
855829038
54840846
347174967
164690650
560442325
892244832
457809800
110109725
256002403
741093382
86342363
387079293
854366180
497715465
387641786
175305088
589402250
37332894
258329170
249986519
598880911
663033696
354454301
876263337
130728480
16060792
448232418
345888572
337095040
919093183
828023292
717903013
923123762
206281085
482190177
898172158
981526882
827777851
795378042
445026602
129168473
494376681
231341035
706092539
98188588
590632804
918577687
565299816
817194894
596987187
645673564
270209668
330376504
824725437
29242727
830062234
63106674
53955475
180943714
528601367
82076665
68659944
278683613
434506213
470079324
392689501
785457353
689924816
60757063
263011834
47647051
381263162
231811693
373667668
722494819
416162342
788028332
397910405
984322931
18888624
657596452
585324502
468823131
463012193
392427490
677341713
792996623
313779743
455096217
992859237
926482348
904728911
624346748
51341489
298225695
726564287
599720101
652184654
835754411
244595206
499454020
560491382
31189495
23368578
59796263
955843952
987792130
207242552
403598366
585331460
171813450
440643974
626142147
203986439
769563429
575879923
56981811
358164138
651680077
155914377
554714275
502605744
143869909
718662850
431684315
774466609
908230712
523655950
689177838
482869480
320544874
268635209
701800524
273584337
228663394
870064457
502023284
982851851
448652624
567013071
585425517
655053662
710121287
84120642
480419545
600731484
176247610
456737745
445831237
955779367
704416837
686634681
220096277
121924185
795374971
459744478
216917423
677715066
211172397
853614962
335732678
319614778
688365161
580355188
61952728
940036999
82089950
132405819
394253616
525461197
939674878
688707442
362820584
949321088
468299762
176684334
606264218
59206327
104250454
285439692
525475542
604563591
965025371
210647799
494299071
880053957
102176969
385929308
960351604
687698064
741850980
459241149
807225589
418560782
455624221
206989229
522300803
15460057
111814425
495196749
740724566
591779478
520401831
746604203
535943296
519738623
562570755
518754372
621640819
321409090
512053492
629456550
279175498
92024229
537654532
692677748
538374476
931649545
940511999
32346201
1656905
196360784
107860672
955662313
691814203
177777091
797014514
954445140
97676469
484269461
321182
514741175
303320823
945847847
227318857
210929197
777013420
606553850
699939409
357942358
151150695
448540904
153779266
220562959
833926772
782116383
659224859
996110244
478035863
106214500
420113939
135907599
157509687
232759945
526574133
305101576
561837411
913300881
794406448
489358422
53135018
169640666
960260479
520418374
922581581
378149582
91936281
778097516
609413594
750024226
668267182
302538791
54063996
778193007
983780015
870186130
792926540
782158764
233524252
73008896
770976948
95683599
634205958
961388032
395319521
514249847
51377111
614026766
718246130
243117242
51695459
654115045
543232857
515207723
963251714
560268455
79855100
440735255
26397156
92666293
50032017
557946749
548485788
348662690
308230682
748676732
265996522
826787022
531016422
539637305
851344708
290974023
876951353
265847906
969122173
386821626
571411511
165241200
388911192
597075975
962898731
802448059
985677602
619482412
423879519
229999140
501381402
392349144
501428256
525243905
709567382
224738758
657689694
435334057
245294833
205065670
246193448
734893750
201559447
952297075
661315572
168776888
462877147
62125775
345579082
769715599
132221399
516064585
311392319
319158193
279092454
694990651
467739411
646531327
410013523
299081890
438519909
505502112
111745597
707716244
362265136
378898631
887292238
325720824
231649987
897438318
467778978
813026606
28862312
409919323
765365295
221925949
250789848
242733152
181856865
956854051
775008731
512440781
586336350
778157499
321327587
652540400
519477305
779176657
722025984
956460203
95114098
590843657
315833728
852232477
127881844
370896119
524007513
11847379
934465269
928837426
987999156
861297883
632580819
201678759
838767703
847368781
859959431
792910345
677198407
528629939
659463532
53777448
490197400
308106238
313114947
495176823
209497354
82542615
26735834
881781021
254857124
391236670
52504214
901675025
298268197
606606463
645806421
306718832
687476843
171916986
559714656
281697498
100687544
398037038
832685726
679942830
434562066
452655764
350721312
78994461
430064700
232514085
493478856
104009775
393173183
127495945
348662147
206041114
27731103
664149115
972770571
510497851
121631148
838409490
383545352
501739079
58657530
618656568
545722429
234126068
261398801
38931511
781955582
349164856
468300951
178613583
744037447
579987953
406679474
160224732
480592916
445293062
491770037
102916191
118813798
148663911
990708437
322033417
27630607
734095062
422774682
297515179
965352483
678969901
65418936
365588104
425014544
79301278
909987259
305281354
378816138
755868294
381976363
887817831
94437235
513378895
833356453
979900856
343828227
588666635
390551334
986571349
820072145
240334500
225526044
527461071
293146065
93161224
116146694
862338114
8560100
197535194
77345521
284729415
567351643
107230374
229513669
3065792
147584460
581973186
747608132
106612843
239515697
54941036
823198634
198251357
372373440
703570792
387977951
317379734
499692650
56254602
546811199
64689002
809468163
518912114
298013217
27762532
926317320
270685853
228128482
722183823
204962261
794806071
743137515
33993901
891391525
706754314
701523320
218448721
842242707
120738635
229371381
453203296
690298126
249614990
544874422
436348673
753298927
792571666
155370944
197757451
461803290
582438390
424121032
266886391
579961662
770732720
212817486
200431961
147927899
513294881
5299037
182080831
545884449
712389531
103380315
675339403
130694708
71311428
189084749
114002958
479165637
580800968
532510711
614112489
519318667
672496716
636491178
459619483
109339313
34375196
829755092
559183312
182606062
957304162
438641121
753128438
506636046
345532795
719387752
661586705
705669612
654895864
267400020
947330671
338433193
428208402
372570295
565130505
661491479
570038006
541625757
279198762
778757428
460010817
560674314
728702912
59310441
648315229
66604335
907949857
132482529
339827328
11251222
605501367
684660800
388655595
309372080
15934619
397987044
64504817
655255769
279259995
693262704
367307852
563454779
433998014
477862962
493346371
121181118
87691105
555518150
120931576
274952797
662042796
848244171
114558466
439417106
643100478
213495884
52057772
39264183
693332621
149611096
802447996
61868606
567906329
652819753
407918718
768082112
24365375
667257553
819807877
244377368
145513755
802713872
56567979
545572587
950113372
180948717
607693965
793316620
919124339
460069142
47715996
391878919
645496427
625712762
903799020
208958465
555012650
109983888
584101543
342316687
537506555
868459515
157596541
641990408
217764455
851631632
376199171
868494628
550156927
581223497
126006570
864751648
737239167
724852697
153046645
820588114
504158414
834871292
488702922
714799148
185363069
512623110
202195131
348988358
369682608
956412097
27536711
473644535
709975592
744455059
268272747
705816477
439057759
511743116
107800188
394503047
988190639
942997570
843723316
547979134
350776882
404394760
449767268
675166098
595863650
907555696
354084286
911104892
502764939
753003338
352473321
811984500
230535502
586358635
562332507
318563628
617084737
103330422
712762127
759652378
484799158
203430839
893809901
536799796
45175222
462474907
744375640
568002205
680972873
331229809
769184371
101557067
163829140
413117107
801828414
56886980
815229864
604787132
458783399
78101823
742293447
425847348
208683718
534970749
125258576
317221125
108917750
636841930
226273327
989075800
94406206
982582806
824652690
165117852
523282264
162980977
583936135
41450920
541693265
728804726
165873767
786294223
267919005
176328809
732645011
707090643
189497802
176172538
431161033
919824205
991185035
594550746
40106497
820788816
573734229
668290307
59553066
741311185
277889200
291372964
691298445
167611812
786360101
231855499
806833287
340490628
812249577
847680123
959891356
129906423
108149553
422275487
530733800
600366614
43372287
19537613
640184154
291360262
409221491
918152817
809441616
399894782
180649801
673466376
923179344
90718271
384628150
335176308
921629049
398851493
380914010
22123219
864848886
626758132
95784127
903358591
313745322
214147815
341652067
437039281
771406328
206110958
21697293
456201060
230864148
653261631
195079288
6560435
906444063
138876828
437808297
572526956
209523441
677121211
701557767
224092329
582174154
692935506
123313885
41503354
470746082
867320660
955312826
401805473
206815894
641002962
272346282
570418101
882831856
854034624
20557828
539708723
672599258
83324773
359260332
983346784
29434867
982591684
466641080
476691138
374794658
935012347
505274653
680714867
766278263
753229539
748139440
12233599
947767919
330961204
729867381
62262235
460699434
890816978
442963694
606340873
119571473
442115283
931241080
67424598
170211858
411376397
904627806
373114925
416559840
365480117
469841043
279762904
62646896
265676047
34501058
485105369
977665582
176596937
393306181
485400540
272531620
623023340
712643416
434533436
628657494
975971288
978881795
249208141
59400957
303451053
869542301
489968872
98953981
550191229
679101125
442333095
815685625
949600872
540079945
285924316
922907779
756412291
635879014
810031709
142053746
367621837
214584351
48995080
760114167
930198343
860863885
34479733
184868856
264868019
97073024
575783606
59994209
666042913
963771193
695925937
96471927
545595276
553597459
890888633
645621558
576909465
822145449
449810230
513886126
12641290
526332367
703477719
278768098
881639215
519332834
548901657
940794372
905884067
109681370
979950877
975390060
319473003
421261803
339680414
332792184
351635139
481691232
152226978
259855866
673450858
976128633
978781571
407202200
255157285
524343796
887082802
230522402
296392102
346916647
839675143
719123708
2579290
940512102
367918591
858830161
526124124
473205825
535639854
54891615
373037447
443798982
694480067
823379970
993361718
871134290
91736082
725809942
827161632
204475928
812556959
248173864
565871459
219865010
720196091
192718121
227916779
477102581
801172458
368175215
118369589
88722935
663969913
483712132
670848854
933078330
377416607
626980174
849457987
762262607
46309821
48555551
778466751
455914167
641596797
932316825
890911297
762177991
221333139
230852401
947253740
398690791
625487955
96833657
461242790
865600425
807143460
49975794
314747235
192818762
805632452
148310571
640114572
781196520
342590246
212657510
358898812
720790411
55478337
847126488
922138604
600863672
699427326
155953824
397115098
840419212
722017738
823629192
890062375
612259159
125180046
778023170
937089540
439587836
5236697
314210654
937676688
476949268
313627067
537092033
355763082
298422415
493661530
919788963
691564702
803596045
255429890
77080689
434981598
348085080
369799645
826963668
997648710
911053140
445398085
425621223
869844419
900778001
905102160
802088001
784781616
360776633
769768158
691214180
635209600
23207495
850265199
35969274
450372449
458321635
361655702
943105175
513905762
946157564
864937446
449798765
131746335
99512354
666706619
901118317
839532965
861220614
760974000
846458422
631923725
707106235
190880978
511150157
347708990
865578032
235419846
270741465
700841963
75904489
122460011
897294052
581526289
15859013
934138502
568875931
48888926
915704381
514242443
771732507
120988881
161413255
131623449
618189520
45963119
612483325
716026238
321807101
276129649
473928491
756694828
253802960
630340886
924288686
182564929
371240552
689118802
163326734
820932522
33780841
904907976
984402298
922040810
980432767
521038819
655925976
6588537
12414526
31985916
330386566
958964145
15525096
40119194
534080526
33822289
463888364
776765597
535281452
695484152
342251493
249631898
568278473
32879921
282975484
187327832
816698408
505829651
801085040
807688129
501325379
412436061
335147171
588881955
331527579
579295979
953051909
643536996
476337424
615643737
611606391
386212758
811435300
637243663
875052311
811221618
32305250
109949625
592265713
740821397
238132918
131566678
229858166
835831365
316726192
594949612
456821554
439629738
732648968
535856994
824395265
699140395
713869698
817158565
24121761
408222456
253332823
70173623
331337900
461580569
166815564
858487622
3017141
517786696
126006637
341437608
644105223
498506276
356473859
636216313
530581244
984195799
623247984
733361279
58681357
936774129
189678972
3687828
379497795
288069399
669172686
459408535
822351489
462632881
599421933
213704707
584413264
751868782
593158177
339029546
658052730
954605850
254166117
43131083
396412266
22325792
206424993
530242291
854624550
579862317
629164043
759560118
586213339
816811635
337256762
622761088
779895285
668178396
948450133
681404081
905335386
146516207
657184376
90386315
40875911
176015335
315632712
172074844
731799237
639467109
715600475
12240094
381441990
870461612
965691679
353436157
35134137
57601007
725476067
682470775
620453648
985492315
898574977
932255067
330978454
520388191
645415802
539487284
870901891
551545283
720315582
59413351
360039075
678453577
601150017
355033584
647464003
679677936
78301682
232166770
632825062
813368418
772619937
155238029
976630769
567578780
539031353
795565772
522609662
200200319
700496277
316628010
323766136
352543409
969867577
294238434
118104328
780783244
193754578
256530579
589591650
29857502
65694340
546720880
369132398
500371339
202572670
281205040
693394139
316940052
731837416
415630649
871551526
426985066
486367721
402386050
321797013
379776820
23396006
59550176
526832777
661334408
717151760
530776351
28588292
277495665
557186983
358198142
189770480
450824730
277817829
882549771
675778336
960630577
558886117
953934612
214264454
254811494
386064831
215236185
176760765
309962307
195617972
995494384
547329254
350417911
634225227
618132166
830767536
683575354
417851371
726301327
205448569
300344759
668062688
624453950
818416632
916073473
641453840
734284924
183176337
951902575
521839999
22000007
484922062
618708297
659707577
404135331
575068874
570996077
343123319
160758845
453356916
830127715
180904408
620337574
992595987
385640615
177934556
856175635
584653600
466279029
417519314
756224202
43516581
497884765
920626051
544036182
796601876
494814815
932003331
631200969
879772882
851339278
54861392
375513489
28220845
816575118
962887666
210374275
156618365
646196407
872685238
161071864
759030851
567445546
684295964
706156629
679083937
236154923
208253146
538206438
220731682
471442560
231873120
134964194
942843353
64566558
23995921
510700300
792391323
189542606
368390383
391811271
908580894
762654303
110197263
362690795
344541793
915118552
123042322
388657553
937154050
723077504
418898967
114418404
655918116
680676242
379878299
275132999
239537727
116009879
614252118
290736149
441116801
853418386
563171850
378585518
300747260
963402977
886648045
679384037
709434309
655247766
532500278
5266562
393289258
970320859
23201888
446751088
916150707
703211115
153020138
670053910
718771287
711463677
972754414
185447603
30763392
12585978
707878846
45809654
16495796
731684390
289652559
425657166
797979166
888673930
558527497
913645070
250779624
884771753
392113705
678601219
930281791
327737657
49169146
262728553
115831422
525508847
626022896
977561001
86810265
239124256
809275095
559724097
897296627
472798916
422723112
255597142
430258354
391326217
164626637
744095394
295960797
229329392
975459509
192566685
28067338
263339873
825951799
880885687
248770580
465509154
592433911
682196300
814817977
881695713
338202034
911675425
554382105
526674842
309513078
673622636
69285645
309117365
348262209
829734761
345634640
787248225
976477857
192010503
256004009
342910075
894101929
202790282
212671740
235095592
972624610
665232523
974660459
369372613
658614162
275171147
237195392
214431396
835114212
501877425
53474993
654419770
490247604
157225856
116268568
902150100
557743149
981152494
697787253
576312500
425542210
164000602
191683435
325658772
180174843
450794776
926514060
615795584
574588411
713681380
976566148
333897863
927499200
557321412
515604644
74214378
81413666
92356813
536961549
784708074
157910702
953849407
92875200
809589556
564187719
101842142
238216524
517552372
64045144
873284504
853359323
305568168
826267463
492648213
118186725
754829447
802525698
70883244
20373077
282863272
228809448
275755499
322911748
271486014
641027862
637128388
151322441
439325196
889101048
476084362
819230606
