20 114 3
0 6 90
16 5 69
7 8 26
12 2 27
7 4 72
9 7 26
12 10 1
7 10 9
11 3 100
19 5 94
2 16 55
5 3 56
11 14 94
12 3 21
15 16 27
1 18 49
17 7 60
16 13 53
19 8 31
3 8 19
18 0 10
0 12 75
0 5 15
13 1 25
13 17 96
19 12 91
9 0 40
12 13 41
16 6 47
9 19 13
1 10 40
0 19 15
6 10 29
18 12 70
16 12 15
9 16 18
4 2 44
11 13 33
19 17 1
5 9 99
1 17 32
1 8 42
14 1 62
9 4 57
11 12 33
14 18 12
16 19 82
10 17 16
5 6 33
10 11 86
0 4 8
7 6 55
9 11 84
9 8 71
1 3 35
6 12 98
2 5 21
17 11 26
9 15 77
10 19 70
6 4 14
10 16 8
6 13 51
17 3 35
19 1 42
7 16 29
15 1 71
19 3 23
10 9 43
10 5 38
15 10 31
17 8 68
11 2 21
16 11 2
2 9 10
4 18 71
9 3 39
15 5 11
17 18 2
19 11 27
17 5 48
1 5 90
10 2 44
13 19 5
11 15 68
2 7 74
8 16 75
17 0 40
13 2 67
1 7 41
13 5 59
0 1 18
4 10 1
18 15 55
8 5 80
14 0 64
14 17 13
12 4 26
7 13 34
11 0 29
15 8 79
2 3 84
6 3 68
3 16 80
13 14 84
4 16 10
16 0 55
14 2 28
19 7 5
11 18 71
18 2 56
16 14 89
4 1 51
15 17 37
5
1 14
14 5
7 15
17 12
3 11
