96 2302 1
41 13 33
20 45 58
60 49 93
56 8 15
56 70 27
56 29 92
71 6 55
63 19 40
3 26 8
52 42 6
36 45 72
36 61 86
72 94 49
43 84 79
1 38 16
67 36 9
19 26 51
71 50 99
29 72 45
48 87 49
14 68 65
16 87 77
15 32 63
24 67 25
40 94 35
13 35 20
17 41 60
57 61 6
68 46 95
27 13 38
82 13 53
64 80 21
69 94 42
44 15 94
48 34 34
48 88 1
86 2 91
22 65 30
38 29 81
81 66 59
71 45 20
39 12 50
14 80 78
50 43 93
65 1 34
49 39 44
35 24 44
92 43 57
54 59 76
6 8 34
24 13 97
68 51 40
44 22 6
91 65 71
35 29 66
70 62 72
43 73 32
69 8 60
10 39 77
2 88 6
10 68 79
15 3 44
77 59 24
60 14 89
54 11 16
32 87 50
83 48 64
47 24 86
36 18 100
75 18 40
56 6 71
17 5 30
89 57 52
86 23 55
22 93 21
77 5 18
55 42 1
48 73 61
19 54 21
61 27 41
73 50 48
33 11 71
74 71 73
30 50 42
24 36 84
42 95 69
36 59 51
27 19 70
35 75 78
9 93 87
18 42 63
14 91 77
18 17 70
13 81 91
17 72 25
36 83 84
84 29 68
9 76 70
35 5 37
40 9 47
70 37 8
87 51 14
84 41 74
32 92 47
32 82 81
80 43 5
75 15 29
72 8 96
35 50 78
9 67 10
20 67 82
46 84 48
0 30 68
16 33 15
77 31 77
78 27 94
12 14 29
72 48 62
79 35 74
79 55 54
2 90 29
1 10 24
61 29 96
59 25 3
57 27 67
22 53 7
7 9 51
90 39 1
68 61 33
86 12 9
24 95 36
64 85 70
90 49 78
55 74 64
17 70 45
47 37 23
51 3 34
93 49 95
58 62 47
86 0 81
39 91 7
76 6 79
7 53 76
5 36 3
90 23 87
33 2 80
73 10 42
78 44 15
45 76 68
49 87 23
55 38 94
93 34 86
65 30 76
1 68 96
94 55 46
89 66 32
14 62 3
70 91 13
71 16 30
91 80 39
69 36 60
94 18 84
39 62 1
46 93 36
2 14 89
47 41 50
44 12 66
8 85 15
53 56 92
63 90 89
69 26 42
9 44 47
82 92 62
83 71 24
18 89 57
18 41 58
86 44 66
76 63 36
13 75 56
40 82 24
92 46 73
0 83 49
88 57 21
9 25 90
1 24 34
85 24 25
9 84 43
14 7 37
52 44 71
35 28 25
83 16 52
66 71 76
66 22 46
10 13 26
22 94 45
34 54 7
0 36 90
18 8 63
9 74 9
86 73 77
89 37 83
34 63 100
38 21 24
46 31 72
58 37 49
36 14 37
21 84 46
1 71 91
27 40 64
55 95 23
93 40 23
35 20 23
47 70 36
53 91 70
40 63 62
5 32 42
15 7 32
70 83 93
86 75 61
18 62 89
68 63 67
5 79 82
68 2 26
39 4 80
52 75 59
18 22 13
93 55 18
82 56 63
78 76 56
87 31 59
33 55 13
79 25 18
23 36 47
0 23 66
20 6 3
31 48 21
87 15 36
85 19 31
10 59 26
42 88 70
95 68 65
58 87 39
17 26 49
87 11 67
30 76 25
40 7 35
63 17 19
9 79 7
4 3 12
77 14 70
28 21 75
29 64 76
21 13 31
67 44 8
18 30 79
66 63 49
81 91 34
7 84 29
53 24 71
4 67 43
56 23 43
64 12 97
22 12 22
0 40 8
91 46 87
24 73 16
50 51 62
92 2 82
86 94 83
22 39 54
81 5 72
27 92 12
0 75 86
56 16 9
47 0 69
57 22 80
16 17 69
6 45 35
29 44 4
68 35 71
0 9 14
74 84 64
5 90 92
80 46 50
44 50 6
91 42 64
15 93 33
30 4 25
48 70 51
50 55 96
23 51 83
42 54 39
34 64 41
37 12 91
35 52 6
39 65 91
91 77 90
1 16 21
17 34 5
18 38 25
64 42 56
4 74 9
63 37 85
18 68 20
62 74 21
3 2 53
77 67 33
55 58 83
36 6 89
66 60 17
33 23 36
0 55 85
36 17 12
95 93 42
69 30 38
82 85 31
45 32 3
62 49 74
17 68 29
66 1 90
67 1 87
39 70 20
90 44 45
51 32 11
4 33 92
18 61 12
78 39 32
28 43 67
8 60 94
84 14 70
5 31 28
65 72 31
9 22 40
27 87 11
29 1 78
36 44 44
22 81 52
92 75 67
58 49 88
21 54 13
27 82 27
89 55 8
64 81 89
24 82 68
25 58 69
7 81 2
37 93 58
4 95 37
71 15 44
55 54 77
30 34 13
7 79 76
46 71 7
44 47 19
56 40 96
84 56 53
25 14 90
80 75 71
33 22 98
61 22 79
36 66 60
50 13 78
85 73 58
46 23 15
70 15 51
2 23 76
9 18 13
9 36 47
58 11 1
4 21 50
41 33 30
41 89 3
38 48 25
13 38 85
47 25 25
73 74 25
6 74 64
10 43 22
82 67 38
10 52 50
12 69 53
12 92 82
40 34 65
10 18 91
34 68 72
89 56 13
90 32 23
65 81 61
31 89 24
86 53 91
40 38 63
71 60 88
22 19 94
80 7 49
31 7 21
7 58 46
14 93 98
32 31 16
54 56 74
92 16 38
8 37 10
7 52 43
6 3 3
46 65 77
80 63 36
28 42 5
71 73 86
66 67 20
91 78 96
56 58 68
34 25 70
46 9 6
37 77 53
35 1 100
22 1 97
72 28 83
46 73 40
43 33 12
38 74 98
37 46 35
7 71 5
3 50 86
2 85 3
22 62 4
56 21 64
41 50 11
77 32 29
12 53 60
80 12 29
68 36 82
25 60 28
35 66 67
53 20 48
39 54 43
17 47 21
56 35 77
36 19 57
83 85 27
41 34 21
19 9 1
26 70 80
0 89 6
10 46 90
49 51 86
45 87 7
88 91 47
62 25 17
41 57 17
82 26 40
68 81 74
31 70 66
74 90 99
39 87 66
66 83 86
63 2 8
74 86 15
27 18 28
41 49 98
68 84 99
58 53 88
93 1 86
81 29 36
49 37 40
21 89 86
27 74 77
72 91 78
27 1 93
78 29 58
14 16 22
45 2 28
35 88 67
63 4 11
39 80 73
10 2 52
93 30 38
65 14 65
91 95 26
62 80 20
62 23 61
66 82 17
62 6 21
94 2 65
11 88 86
45 53 59
49 1 41
89 70 71
37 18 85
64 28 62
95 7 44
57 44 90
74 5 71
0 38 2
53 95 69
84 2 17
15 18 97
84 36 41
27 9 15
70 85 38
3 62 41
59 61 84
46 54 62
2 16 5
36 22 90
78 16 58
76 80 95
51 39 84
81 31 83
64 5 70
12 7 37
28 84 76
39 9 1
73 68 100
31 28 60
48 68 33
59 8 66
86 27 90
81 90 61
18 69 95
44 77 54
3 35 23
86 17 34
23 17 68
52 15 92
15 25 49
66 77 92
13 0 98
43 41 44
87 13 71
65 0 59
58 0 97
53 82 74
34 50 6
77 30 24
79 29 95
95 75 9
82 74 41
40 44 21
83 61 14
50 70 44
35 26 42
93 36 34
24 5 12
74 32 57
17 21 55
80 5 40
15 49 56
12 9 16
21 82 56
74 52 57
17 71 79
7 70 27
83 39 37
47 63 25
45 16 5
65 75 32
16 55 65
29 11 73
23 63 41
8 44 64
57 68 92
4 16 73
81 62 54
37 40 34
91 21 77
56 32 100
67 8 41
55 35 100
32 6 70
87 86 28
68 26 11
28 41 12
60 48 88
54 33 40
82 60 28
88 28 67
26 86 82
35 57 90
88 60 23
46 58 9
59 38 38
10 84 70
43 2 51
65 82 64
87 82 67
9 21 64
95 61 37
33 64 15
66 14 43
49 54 57
36 71 89
25 61 87
25 46 18
7 94 14
10 44 54
64 58 79
70 77 69
48 69 81
67 84 3
73 53 11
44 87 1
93 33 41
5 44 33
32 14 79
14 92 44
87 66 89
51 44 87
67 75 92
73 81 69
1 50 27
23 88 47
22 72 42
63 86 23
55 48 95
43 91 8
57 26 8
50 61 97
51 63 65
8 14 62
84 93 53
23 89 3
17 22 20
89 8 35
35 9 84
13 33 29
26 64 51
70 22 19
5 78 58
65 54 79
88 78 62
73 55 23
33 6 8
10 21 80
38 90 54
6 39 87
10 57 87
61 81 9
2 25 55
23 78 67
94 0 93
66 30 75
50 42 25
35 31 75
79 48 50
88 18 74
32 36 64
14 49 89
50 84 73
81 10 61
15 91 61
27 8 87
44 24 88
5 2 23
74 68 18
47 23 41
32 57 36
15 59 50
26 5 66
80 69 47
93 19 4
91 26 59
25 39 39
91 32 72
43 30 86
28 48 48
64 32 8
76 1 97
76 36 69
78 57 59
15 76 88
75 50 84
73 32 66
28 1 91
92 72 80
16 49 43
52 12 31
49 12 54
74 65 85
72 73 47
12 70 21
84 20 93
32 75 2
8 11 92
43 48 71
40 69 97
68 42 65
37 38 64
3 66 83
35 38 15
66 73 87
61 77 79
77 81 39
30 88 81
71 52 24
7 49 60
69 23 37
46 38 69
22 91 40
15 23 35
51 45 79
45 64 21
5 10 38
11 1 43
8 74 83
92 47 64
85 27 53
10 40 37
95 16 45
78 30 49
66 76 4
50 89 12
53 28 45
35 18 98
85 69 56
1 7 39
48 64 61
39 38 57
29 21 40
19 90 10
90 64 65
48 94 5
23 31 34
69 64 8
66 10 35
11 57 17
95 67 71
94 71 41
79 67 57
28 54 96
42 47 82
59 95 30
95 80 78
20 57 60
17 12 24
36 16 35
29 5 83
83 40 85
31 92 81
83 75 19
81 18 23
0 59 28
61 23 68
19 69 65
72 67 50
17 62 10
55 63 10
29 49 49
38 43 73
48 86 83
14 76 60
81 48 30
47 52 36
1 32 85
71 67 4
62 2 51
86 7 17
72 32 59
34 79 43
58 28 2
23 3 81
24 77 87
95 0 42
75 22 93
41 14 99
78 3 86
43 3 30
9 23 99
47 20 2
12 73 91
25 27 31
24 31 68
17 88 60
21 39 36
33 45 99
88 50 53
12 20 26
50 87 21
45 30 50
63 7 71
59 21 94
81 79 5
70 45 77
47 13 47
16 30 79
86 91 37
64 65 20
85 84 5
34 13 21
49 92 18
47 32 68
55 59 43
77 3 74
64 87 4
34 4 12
48 50 81
28 49 1
44 95 15
67 64 72
33 29 45
35 70 26
36 4 43
57 37 18
8 9 26
53 5 10
6 69 12
28 55 18
1 47 77
46 82 92
82 7 12
10 37 13
10 55 43
19 34 1
3 38 31
65 37 35
34 42 97
8 94 13
36 35 36
78 71 32
59 29 88
66 27 79
67 80 100
77 62 58
69 24 61
70 25 88
30 29 74
75 54 82
20 64 50
72 59 13
51 61 64
64 36 97
10 4 26
82 31 69
19 70 72
92 86 24
11 74 88
12 61 95
46 21 24
92 63 13
46 34 10
72 46 95
65 95 22
21 30 51
10 8 96
27 17 45
93 35 80
13 32 60
78 66 31
69 32 28
64 78 24
22 82 49
84 12 46
26 30 100
8 87 89
31 95 22
9 75 43
55 24 30
0 54 29
91 1 6
28 6 73
25 11 75
15 20 45
81 58 32
73 8 4
63 41 45
41 91 77
8 63 5
21 34 4
63 27 3
57 49 88
30 60 30
12 83 18
67 5 45
53 84 92
28 2 6
52 38 13
7 85 21
17 56 18
55 18 89
46 39 30
65 29 54
51 19 95
23 71 71
86 68 48
24 90 58
93 27 11
27 24 11
87 68 4
14 22 70
27 79 74
63 77 72
42 66 44
32 76 12
15 82 94
61 30 22
90 57 48
61 63 50
9 33 39
61 19 5
87 43 75
73 51 5
20 48 3
89 78 57
23 42 6
37 11 62
40 20 61
18 50 22
49 68 70
88 49 100
59 1 82
69 22 91
13 54 22
27 44 78
30 27 36
74 33 67
18 29 29
9 92 77
61 74 57
8 77 69
12 40 99
73 91 91
95 6 91
10 70 1
7 59 33
37 67 43
88 1 85
5 7 13
15 38 29
51 57 46
93 68 99
80 79 53
14 79 56
69 62 30
18 4 49
95 37 95
39 45 90
50 20 17
27 31 65
71 37 82
30 58 7
14 6 86
32 20 14
57 94 51
0 87 45
18 65 64
43 54 70
62 64 11
1 58 41
60 68 11
14 95 23
71 4 40
15 11 27
56 68 96
0 62 50
41 61 59
24 89 77
62 89 62
45 78 92
75 11 1
34 94 97
90 42 8
72 37 6
60 45 47
88 13 65
18 26 30
53 87 9
49 44 57
56 47 56
10 28 9
90 78 94
80 23 54
7 37 27
31 83 33
13 62 44
0 50 21
14 54 47
92 10 64
89 85 71
86 32 59
59 23 23
82 39 54
8 81 36
55 3 85
72 89 48
64 1 47
91 34 86
41 26 18
61 65 56
6 43 23
94 85 12
21 22 76
69 75 25
42 53 17
0 43 21
71 56 57
48 19 42
0 93 30
5 71 15
33 36 92
76 75 56
39 13 12
34 7 16
71 92 76
63 81 90
59 22 64
32 94 78
50 4 8
77 23 38
13 7 78
66 72 87
19 68 28
54 72 9
53 92 49
34 82 37
21 0 1
38 26 3
75 63 71
14 57 37
22 15 33
51 94 16
30 73 41
10 77 6
68 12 19
55 14 40
24 26 77
16 25 17
8 53 44
54 81 85
93 32 61
12 43 55
80 30 65
72 21 70
38 91 97
89 4 66
58 91 80
73 87 2
63 31 49
81 19 91
4 72 44
91 23 16
87 57 29
27 89 52
20 23 64
58 10 20
1 41 85
89 11 97
41 12 50
11 18 8
35 61 13
91 69 11
95 35 29
65 68 61
20 9 67
52 69 36
16 26 34
90 11 29
28 39 5
42 63 35
40 51 30
85 22 20
89 84 9
14 34 97
17 28 54
29 39 99
71 93 19
65 20 51
82 43 73
59 24 57
11 63 76
57 55 62
83 14 79
26 51 59
29 94 14
48 82 79
10 75 64
38 32 88
75 28 65
41 86 96
47 6 24
41 65 11
68 11 100
92 41 75
5 69 88
15 17 46
79 51 96
87 89 88
10 50 3
33 65 84
72 70 15
42 17 89
24 58 99
20 3 76
48 10 29
46 61 99
71 82 95
86 61 84
87 14 19
89 29 85
80 44 83
36 50 74
61 90 57
72 74 10
17 91 33
3 34 76
17 77 42
86 34 86
36 51 20
32 0 30
20 28 56
62 65 66
46 67 54
67 85 37
88 73 20
68 29 68
67 11 95
22 74 23
32 21 67
91 74 50
63 35 26
15 9 67
62 60 2
29 47 67
64 53 52
29 91 32
34 31 84
76 43 96
24 8 28
92 38 32
39 47 30
23 44 92
40 75 43
32 27 7
55 12 27
95 11 97
81 27 67
16 39 52
49 95 44
59 91 50
56 86 26
26 56 33
8 12 6
52 18 80
57 82 4
14 11 53
77 22 9
61 39 80
15 94 48
5 6 65
14 4 29
16 22 82
25 88 23
13 36 27
73 42 67
68 67 78
30 35 51
77 58 20
32 23 93
40 57 54
92 17 12
84 16 90
86 35 96
24 83 80
13 60 6
32 17 76
95 41 98
44 37 58
41 79 61
31 85 95
26 10 18
0 29 54
81 49 95
95 88 64
85 18 88
90 82 55
11 5 27
18 33 85
22 71 95
42 33 86
17 9 60
16 24 93
23 87 48
68 43 55
37 56 52
76 82 42
62 94 40
0 12 6
30 37 91
83 34 57
55 52 58
17 90 31
66 51 53
19 11 81
24 64 82
36 55 94
71 65 2
48 59 19
39 24 51
15 33 68
93 75 73
0 5 65
10 63 8
81 89 10
78 46 49
5 88 37
81 69 37
68 90 5
2 18 4
15 50 32
82 18 36
22 48 12
9 55 3
24 30 81
26 7 13
13 37 37
47 73 99
39 26 72
47 77 18
59 14 42
7 83 78
36 57 28
2 21 45
61 3 67
95 15 5
52 50 8
77 92 51
50 24 64
13 57 47
87 19 11
26 27 82
84 11 97
6 50 88
72 55 93
64 16 71
44 34 62
48 42 5
14 50 3
92 69 72
27 58 47
77 45 91
85 55 91
56 0 52
52 16 13
32 52 56
51 43 62
35 54 20
91 49 51
16 80 20
27 20 70
51 80 50
29 51 40
73 16 44
77 12 53
22 26 39
74 88 78
12 90 62
19 71 74
24 0 23
68 50 70
36 80 78
21 3 3
80 59 65
85 50 7
78 33 59
38 16 29
54 47 90
62 66 68
78 77 89
23 11 44
15 65 51
42 11 78
63 48 4
64 49 14
38 87 44
48 36 39
62 34 18
15 64 80
84 59 52
65 85 56
82 68 97
18 45 57
46 90 1
48 23 32
15 6 20
55 81 20
61 80 23
81 16 52
24 86 5
45 75 1
57 33 81
71 35 38
12 32 88
84 95 91
93 70 24
64 57 93
47 88 1
91 82 28
88 54 4
95 18 67
73 82 45
42 60 40
46 28 62
75 2 21
27 47 8
57 25 15
1 37 45
68 45 32
73 0 18
90 80 37
58 12 70
51 47 26
32 25 90
58 50 45
4 68 22
55 56 73
7 17 29
16 11 72
80 0 75
51 1 85
26 14 49
80 45 32
29 6 25
2 0 47
4 75 52
68 52 57
53 0 71
61 0 56
30 52 83
27 52 26
38 93 69
80 70 70
9 88 40
63 52 99
53 27 74
38 88 44
7 27 78
40 78 88
63 72 88
51 90 97
0 91 64
31 43 40
29 19 35
45 65 17
34 73 15
53 26 10
18 34 32
15 0 87
44 31 95
93 61 45
34 38 13
32 89 23
21 66 28
80 1 70
34 35 96
36 79 83
90 52 7
2 7 87
25 5 35
32 48 31
58 85 56
74 49 55
72 84 2
72 76 10
79 4 39
65 11 80
70 82 46
29 43 31
26 44 1
33 35 94
73 56 32
31 42 54
26 79 90
54 91 42
79 68 6
2 77 89
57 15 50
57 2 24
36 91 50
75 74 97
92 52 65
79 64 32
21 51 97
72 60 40
10 72 62
45 86 57
47 28 10
45 79 46
89 40 42
48 0 2
74 48 91
94 82 55
49 5 10
38 42 81
90 29 22
13 66 32
37 52 2
71 53 73
67 15 73
19 20 4
56 57 13
81 71 44
94 56 2
86 70 43
93 89 67
80 42 31
69 46 77
65 31 54
37 59 81
14 29 60
88 67 20
2 66 35
27 0 39
18 31 99
2 95 15
40 46 51
19 62 19
77 60 52
28 63 73
77 11 50
73 59 18
52 78 81
15 24 88
88 0 40
39 95 53
40 92 96
35 76 28
35 60 53
59 93 77
93 52 63
91 9 22
76 95 32
73 35 57
0 25 92
56 13 81
69 55 26
89 75 59
47 26 30
84 3 35
47 3 85
55 40 49
9 4 87
37 74 97
42 74 24
12 48 86
40 88 85
54 37 83
62 50 80
89 83 33
57 29 42
23 4 9
60 87 38
50 19 92
54 82 7
80 77 77
12 51 49
64 4 88
4 70 30
22 55 10
84 47 12
1 53 9
33 92 35
10 38 6
15 8 7
77 89 80
41 64 74
80 2 35
12 72 28
63 13 72
80 17 6
84 87 97
62 41 75
80 84 70
86 59 62
6 93 74
29 69 9
26 11 52
30 71 11
80 8 21
61 44 63
86 60 25
86 72 19
20 73 90
15 40 54
12 71 25
50 31 14
0 16 43
7 42 73
25 30 96
14 78 60
21 95 16
42 4 74
7 32 64
10 78 72
50 37 11
18 64 44
58 41 3
90 91 46
82 84 73
6 10 15
50 16 22
1 23 60
15 60 19
23 22 37
67 27 28
47 74 95
85 81 81
67 13 100
18 39 21
82 61 98
43 66 34
71 0 90
17 55 71
4 44 80
67 62 100
19 74 6
82 44 91
75 34 45
47 85 74
86 88 46
49 33 39
69 34 46
60 46 96
25 1 60
24 57 60
11 80 90
14 75 87
52 24 70
80 87 38
17 13 49
6 40 71
64 13 13
58 92 33
13 58 81
44 74 70
25 8 15
46 74 92
49 66 49
56 33 11
43 65 94
57 5 49
91 63 75
8 0 19
2 78 82
1 30 50
17 74 41
15 61 28
6 25 39
78 75 94
69 73 25
73 67 100
42 10 62
26 80 77
68 23 74
3 54 4
81 95 51
43 25 84
29 70 78
77 54 46
75 44 6
57 77 88
28 92 8
82 42 68
25 77 5
3 60 77
27 68 64
65 50 29
34 51 5
30 22 60
72 71 52
27 21 25
57 70 79
48 47 32
41 27 19
70 67 63
24 68 63
73 36 70
5 1 54
32 11 85
56 14 65
95 10 34
62 87 79
83 88 47
94 50 4
35 48 94
31 9 67
95 40 2
10 3 23
26 92 18
49 65 36
22 2 99
72 43 25
79 13 37
8 84 93
79 66 46
89 19 6
85 49 46
43 19 32
52 4 74
41 46 55
10 24 35
45 15 18
19 41 1
6 64 69
7 73 39
59 32 65
75 81 69
94 37 80
25 72 46
18 59 7
7 76 56
9 3 53
30 40 32
5 9 49
92 3 29
18 28 97
39 67 30
60 0 66
69 21 59
19 37 32
4 20 32
15 47 29
60 64 24
95 12 52
87 54 92
35 89 94
41 83 74
25 67 20
57 8 89
55 45 79
60 54 22
84 1 9
59 71 63
91 75 35
74 39 97
40 11 37
36 53 80
70 69 27
26 4 10
71 84 3
31 76 88
87 33 43
79 6 70
12 34 100
30 82 39
43 32 90
41 8 3
70 59 72
25 81 82
31 62 88
34 95 73
91 31 70
77 64 78
59 5 34
29 27 20
90 59 71
66 47 34
56 83 7
64 61 61
69 79 36
3 7 87
31 61 19
69 72 41
67 47 87
45 94 54
60 27 26
5 48 31
3 53 65
20 59 77
20 10 56
1 79 56
79 70 70
46 14 59
51 75 89
58 26 95
87 22 93
15 42 100
17 0 58
32 34 12
56 75 34
7 16 1
35 12 35
38 45 28
81 39 20
45 4 15
75 30 21
44 64 51
80 31 21
94 25 11
26 72 56
4 43 87
82 1 45
53 16 52
93 90 88
4 80 25
36 40 67
94 14 100
63 84 22
59 3 73
93 31 12
47 12 7
40 39 65
70 51 33
90 50 97
83 22 26
60 34 52
88 63 59
5 95 17
67 63 89
4 5 92
27 34 68
48 77 11
23 95 14
38 64 16
46 12 25
32 70 1
43 56 92
60 79 6
68 53 83
55 39 54
81 28 74
47 38 10
37 31 9
23 38 54
51 58 95
62 32 46
22 68 30
95 27 85
10 91 5
15 56 14
4 51 87
31 54 25
43 89 75
66 64 57
37 82 5
58 66 33
91 50 37
1 55 90
57 84 32
54 57 50
59 81 1
94 66 92
59 19 81
70 84 51
21 61 6
56 20 27
83 17 1
48 80 83
56 50 65
53 11 67
8 34 1
13 6 71
70 33 32
13 2 20
56 91 8
84 0 65
6 57 75
6 24 64
66 52 96
23 79 61
59 12 63
55 61 77
80 52 38
54 67 62
1 77 21
84 32 80
88 15 29
53 55 91
30 70 70
26 50 53
74 7 70
90 30 65
76 55 97
42 30 66
44 68 13
7 78 82
93 86 91
30 67 30
56 42 88
91 47 70
30 20 60
91 83 85
44 71 47
71 54 59
40 71 31
84 33 95
19 82 100
39 84 16
69 31 19
28 4 93
5 50 41
78 37 21
18 46 86
22 42 89
49 25 92
43 59 71
3 29 63
19 73 66
14 73 8
55 20 59
63 65 57
63 59 79
49 69 31
21 12 1
66 88 97
62 21 82
43 24 14
27 10 87
83 10 93
66 44 1
3 8 50
11 82 90
75 33 35
82 51 72
84 65 24
73 58 39
71 88 74
40 60 34
1 0 79
43 34 10
18 19 54
23 35 46
50 82 32
29 80 31
92 94 15
24 51 42
17 93 9
9 24 6
39 56 100
53 60 35
94 70 52
78 93 72
66 69 3
21 36 42
65 38 74
16 10 37
72 56 79
28 82 10
30 74 11
21 20 93
94 65 64
6 16 94
21 15 85
69 25 23
32 50 28
88 72 71
55 8 12
57 17 41
31 11 21
16 94 77
83 57 79
20 26 91
5 63 83
15 34 99
90 37 10
75 36 43
8 88 10
44 41 50
30 9 20
49 4 14
43 11 37
29 54 92
71 43 52
91 45 4
76 29 72
59 35 39
12 4 33
94 19 20
60 94 70
27 28 87
89 52 75
71 69 58
45 27 8
64 25 65
51 60 68
85 74 93
64 70 29
87 92 62
13 90 56
69 58 77
90 10 26
80 10 77
80 71 16
49 59 72
38 36 19
50 17 8
64 76 98
90 36 79
89 65 93
25 83 34
76 42 60
73 52 2
90 94 4
63 74 21
35 49 54
29 46 22
94 26 62
57 81 47
53 51 12
91 33 89
73 95 20
73 90 27
18 32 77
0 34 91
40 48 14
66 80 52
73 26 83
89 59 39
71 27 41
78 43 36
17 3 48
62 1 90
63 30 8
38 17 1
50 40 16
57 66 39
90 62 67
35 92 24
22 6 58
29 13 10
93 72 5
47 90 89
58 40 74
24 38 16
66 8 99
40 32 57
87 18 88
86 71 29
92 34 82
74 18 78
69 56 24
50 25 17
51 17 17
58 15 74
88 77 59
16 31 77
27 38 3
52 81 81
20 63 76
55 44 75
49 27 7
6 11 64
62 44 85
39 7 13
88 84 17
70 46 49
69 83 58
20 93 76
29 93 89
2 36 13
28 34 32
12 31 8
61 13 53
61 70 88
83 21 99
61 37 24
29 67 26
87 29 95
70 88 73
61 56 45
17 94 53
1 33 35
6 55 100
76 18 10
23 67 28
78 34 61
17 60 90
83 15 6
29 37 50
52 51 38
61 67 94
70 21 56
23 82 54
77 4 33
14 27 65
8 32 25
1 72 51
69 14 6
17 49 82
8 71 62
24 72 44
42 84 87
80 65 68
81 72 4
26 23 85
74 28 48
52 48 92
85 57 75
90 89 8
57 72 72
36 49 21
56 93 1
37 75 37
64 51 13
7 11 64
22 13 38
19 49 51
60 63 26
19 60 20
6 89 45
74 95 96
80 94 29
70 2 42
43 90 42
43 74 75
10 36 18
29 95 38
63 56 82
69 27 38
9 70 34
40 59 60
37 79 81
85 72 50
48 11 84
38 28 8
62 86 56
20 90 2
8 95 14
10 0 2
26 21 47
83 68 97
53 63 92
57 73 71
15 78 57
53 29 49
20 14 55
0 67 17
66 15 43
76 85 28
43 13 56
70 87 20
27 73 57
67 52 88
78 70 72
12 3 49
6 88 28
65 17 20
80 86 68
52 25 89
12 36 54
24 54 93
90 9 51
15 31 15
91 85 30
14 72 56
80 22 34
50 28 10
77 33 27
60 90 44
5 38 81
3 27 39
15 26 3
45 37 11
58 39 95
87 26 20
9 61 82
32 60 17
48 6 72
92 55 42
11 61 85
32 44 34
75 21 46
87 79 67
29 45 36
53 33 60
6 63 75
13 77 88
59 33 64
0 3 100
89 17 35
78 11 17
78 38 22
85 59 80
37 87 2
15 48 82
67 40 65
90 76 79
63 44 98
79 28 35
9 66 10
64 19 12
4 59 15
31 0 54
17 69 75
7 61 23
10 34 66
5 3 37
67 94 100
30 6 94
78 54 38
52 28 93
47 79 77
40 21 65
3 52 59
79 72 67
0 11 83
24 40 23
25 29 94
85 75 44
75 5 51
86 51 76
22 7 86
23 30 68
91 40 100
65 69 52
85 86 77
57 7 61
10 12 37
55 62 42
10 31 34
91 30 16
79 17 20
41 87 100
46 62 58
27 4 43
20 95 36
6 44 13
34 16 58
88 85 100
61 48 43
40 86 48
16 85 25
94 47 30
62 11 58
49 10 34
85 66 78
85 39 48
60 6 42
53 59 78
41 36 96
10 61 56
46 32 63
79 24 26
24 60 8
90 85 16
15 86 4
59 51 26
47 59 53
45 95 47
36 85 64
25 4 100
14 13 92
23 93 92
93 92 61
87 6 57
84 24 34
16 86 91
64 54 28
74 58 100
86 95 6
49 76 47
49 42 36
4 94 54
6 77 97
31 75 53
74 60 30
34 84 25
95 71 59
23 40 86
7 77 99
32 95 59
72 87 36
63 82 24
17 84 64
50 8 88
5 62 93
6 80 19
2 48 77
76 51 61
92 83 48
50 49 60
61 20 7
28 90 15
90 70 66
38 31 83
15 29 50
82 16 52
6 41 8
95 58 81
69 54 40
34 53 34
8 78 75
3 63 19
21 41 85
7 6 1
84 78 50
78 69 37
60 67 82
66 25 87
87 71 74
46 0 3
22 47 48
0 35 26
72 52 17
12 81 24
86 83 89
52 94 6
46 79 88
92 0 61
64 37 49
93 41 18
47 80 9
57 65 58
7 23 84
93 63 57
49 32 31
64 8 55
16 63 88
88 22 3
67 57 17
76 12 1
42 93 67
2 50 17
76 47 98
39 30 6
60 18 88
35 4 65
82 10 95
27 11 47
89 3 97
42 71 25
22 67 49
43 55 19
56 52 6
56 59 69
44 58 11
75 84 45
48 29 65
71 20 77
16 68 62
74 93 99
71 39 22
7 54 24
21 52 26
44 11 83
51 71 82
24 34 5
60 57 18
26 54 5
58 82 43
7 55 57
83 81 13
15 90 64
91 8 97
13 89 48
59 76 74
81 74 74
91 79 43
31 26 26
81 38 73
71 28 77
16 44 46
40 54 42
2 56 76
0 79 71
18 71 81
94 38 36
13 15 73
11 76 14
25 91 73
50 63 62
8 1 70
48 4 93
86 38 92
21 53 25
17 35 96
77 27 17
29 28 81
3 83 15
0 37 93
19 10 10
80 41 59
64 9 10
25 38 3
56 64 37
78 87 30
75 57 70
2 49 17
86 64 66
12 24 21
92 65 66
65 44 27
54 63 17
89 25 6
75 70 25
25 21 4
4 37 49
9 53 93
65 67 21
6 91 15
76 23 48
85 38 85
22 0 88
41 70 64
57 47 43
42 26 79
92 91 11
73 84 65
45 46 21
77 69 8
70 11 53
47 69 34
31 74 99
77 84 69
41 53 33
79 57 30
10
81 52
60 2
36 80
40 91
95 70
38 60
15 40
51 59
59 40
39 4
