75 578 2
37 38 75
67 0 86
8 40 34
12 2 36
27 54 27
3 19 79
27 15 60
7 8 82
35 44 41
57 44 14
67 54 85
39 22 41
69 42 84
70 49 12
19 21 17
42 50 96
53 8 37
11 3 96
71 67 91
2 44 32
10 71 39
1 55 12
0 34 6
65 33 99
28 30 91
64 16 76
6 0 15
0 59 8
23 35 83
65 47 5
40 3 25
68 74 63
69 57 3
50 67 5
47 59 33
57 14 19
34 4 46
1 28 73
31 15 51
74 6 70
16 28 65
23 67 15
31 34 91
46 9 62
44 63 98
12 46 19
28 55 65
69 36 29
39 10 3
38 44 74
71 0 94
26 4 50
30 39 3
22 26 45
49 23 88
30 12 56
62 25 19
9 51 74
56 0 80
70 3 73
58 2 27
71 26 42
29 51 86
48 41 83
72 40 70
7 20 49
26 56 45
67 3 95
7 31 52
58 0 86
54 6 70
0 47 2
13 46 35
42 31 18
20 30 89
1 48 41
29 21 40
19 29 85
9 15 81
0 2 55
7 2 19
63 73 26
22 5 35
16 33 48
7 47 29
74 52 18
56 8 59
34 32 91
20 72 76
62 31 68
38 5 38
45 72 65
11 52 94
26 67 9
42 23 4
39 25 10
11 1 87
6 13 44
33 7 87
73 42 49
45 0 81
9 66 62
33 26 30
33 20 52
41 29 55
46 33 54
16 66 10
3 32 69
62 73 98
2 49 92
10 36 83
26 36 77
57 3 71
70 22 93
42 35 48
51 19 11
46 38 38
64 15 82
65 27 53
57 71 23
45 36 70
10 15 1
69 68 38
9 30 32
49 19 15
34 51 97
66 28 15
31 36 34
13 42 40
67 7 50
52 27 90
40 24 36
6 9 78
2 56 43
50 71 79
13 59 47
13 64 94
44 53 21
29 31 24
53 16 64
73 49 25
11 27 11
45 47 51
25 10 82
8 19 19
51 74 6
24 15 60
34 23 58
50 52 80
3 21 1
5 19 96
26 18 6
73 74 36
22 12 65
17 58 56
61 18 46
19 37 80
0 36 96
45 38 46
27 16 53
29 60 2
56 33 99
51 1 80
34 61 37
48 50 6
45 68 40
2 47 33
48 18 73
0 4 65
40 7 75
31 58 26
22 20 14
56 14 29
24 72 1
5 17 29
2 30 39
28 60 66
18 12 13
69 35 7
64 67 16
9 61 95
23 73 95
38 19 98
4 29 20
6 57 1
6 3 61
72 54 63
27 4 45
19 52 49
50 70 66
51 21 38
31 59 17
40 42 24
51 58 28
68 65 33
39 15 5
2 38 57
57 31 36
23 18 63
36 30 61
21 50 68
48 64 27
70 5 30
50 30 69
66 21 61
53 5 18
74 50 35
28 36 40
7 19 24
34 29 35
20 37 35
66 23 99
3 68 86
41 33 6
49 27 31
43 17 2
22 11 39
73 0 16
40 73 93
21 15 97
17 52 35
64 43 97
65 74 31
34 37 84
35 60 24
40 52 52
66 64 19
0 11 93
57 5 40
3 73 74
56 58 51
42 43 85
4 28 42
18 33 65
14 50 57
54 47 96
26 30 35
28 33 61
37 10 58
6 35 90
32 39 61
6 31 7
18 50 62
32 12 86
29 43 99
51 5 12
32 45 12
5 58 84
74 39 41
63 27 30
20 40 41
27 73 12
11 45 20
61 8 62
72 69 7
55 43 29
55 2 25
71 23 15
20 70 1
10 38 77
42 51 98
42 8 12
13 19 31
11 72 28
51 70 65
4 39 85
70 55 95
32 66 47
18 57 70
6 37 18
9 47 82
74 58 90
35 26 62
73 52 90
39 69 95
58 45 85
4 19 78
46 48 99
71 39 39
5 39 92
56 10 88
16 58 25
49 66 98
53 49 50
16 61 88
19 70 54
4 61 71
43 48 31
5 64 14
20 23 81
53 68 33
10 9 53
67 22 97
64 36 69
6 24 46
71 64 32
17 9 95
8 30 64
68 72 20
48 62 63
34 58 3
65 18 70
5 66 4
10 20 21
42 47 65
72 22 6
27 0 29
10 59 69
29 66 67
51 28 52
72 57 21
63 70 53
66 55 15
60 61 91
32 7 99
1 27 62
69 18 49
62 41 29
2 31 35
24 22 18
4 73 66
13 49 33
9 4 91
71 56 52
61 10 62
57 9 90
42 55 41
42 68 55
35 8 43
41 47 69
74 31 66
10 65 93
10 60 5
58 19 61
71 12 22
63 47 70
58 60 23
3 46 61
2 32 66
29 50 60
51 27 95
1 47 14
15 28 96
49 50 99
41 60 36
66 46 41
38 25 91
53 32 78
56 73 79
21 61 75
51 46 75
25 66 61
49 65 12
32 24 1
58 20 79
29 16 41
50 40 23
0 1 51
64 68 72
24 70 82
63 33 18
70 46 9
22 42 20
45 33 49
41 53 25
9 74 95
68 52 99
53 54 77
45 51 83
11 21 53
23 24 54
36 7 85
47 40 95
74 17 42
5 23 99
45 64 66
71 63 61
36 59 66
68 14 40
1 58 68
25 47 9
5 68 48
42 52 29
57 55 92
4 55 69
21 48 53
5 49 5
36 4 88
9 54 38
58 21 10
29 33 55
34 36 5
61 33 8
30 60 6
71 16 19
17 41 90
32 25 26
24 55 25
27 59 57
74 46 1
68 50 95
16 41 77
59 2 32
27 47 33
17 53 19
64 41 57
6 26 56
23 53 89
32 68 67
62 51 14
35 14 45
68 39 70
7 27 44
67 5 51
46 26 32
66 13 98
72 67 99
35 15 21
14 1 51
64 11 81
14 46 68
27 14 1
51 37 9
53 61 96
39 29 96
61 24 22
19 56 44
15 47 30
12 19 71
67 45 22
46 68 85
62 30 58
66 37 37
64 12 32
49 24 61
4 64 87
70 48 49
25 57 54
47 64 24
37 42 8
16 17 96
44 40 64
49 40 76
43 8 58
71 44 26
50 61 5
59 46 23
59 6 51
53 38 79
49 68 9
47 5 21
28 74 65
70 31 5
34 19 19
29 10 16
28 37 75
42 65 35
15 38 91
15 48 91
34 60 97
40 1 50
17 12 16
10 28 45
55 33 3
3 9 40
74 10 64
20 44 74
44 19 74
62 3 97
7 61 24
54 2 19
24 67 43
6 41 37
53 59 18
37 14 38
22 1 68
17 62 72
72 60 71
11 49 43
16 20 80
68 27 50
7 18 45
12 59 88
38 71 47
36 41 2
51 3 70
41 44 81
44 32 59
48 53 10
56 3 55
12 63 96
43 66 26
47 48 30
22 62 82
28 27 49
27 17 9
29 35 61
36 35 15
70 4 35
4 43 84
34 25 24
12 41 88
16 70 71
57 37 52
74 12 24
62 50 1
52 45 92
43 5 7
40 28 45
63 41 91
55 68 48
29 3 24
65 26 34
43 53 36
18 17 69
72 58 45
64 3 80
68 23 94
4 5 40
24 30 66
21 28 40
30 56 42
0 43 87
57 16 54
31 19 40
29 0 32
58 25 23
28 52 30
3 16 31
39 33 65
54 36 78
46 8 45
51 68 100
49 12 4
63 18 41
4 46 36
13 71 57
49 3 5
46 1 31
33 66 68
8 5 72
69 31 43
24 73 23
56 32 38
41 5 29
18 31 38
15 25 57
14 62 84
70 73 39
67 33 97
35 30 53
38 35 11
40 65 18
30 41 11
16 52 19
48 22 11
26 45 24
7 49 63
26 23 42
28 61 78
53 1 94
24 11 62
26 19 53
35 33 61
14 52 6
71 32 41
63 34 88
3 55 77
21 33 66
25 42 9
4 31 79
6 73 38
71 48 33
54 10 9
61 48 60
69 54 81
47 70 39
37 54 77
10
15 53
15 19
28 67
74 37
2 31
65 47
70 2
47 2
55 70
