500 499 1
367 20 58
408 430 83
25 176 30
123 422 19
130 371 51
231 45 47
200 283 52
271 265 79
136 452 55
315 473 26
11 230 99
127 203 62
263 71 93
357 370 77
100 417 45
176 67 40
411 318 52
94 87 89
334 357 64
42 219 55
307 327 17
60 320 63
329 469 9
97 393 100
178 21 70
122 140 10
57 407 36
409 151 87
303 201 38
296 400 35
435 11 28
267 164 95
377 252 22
338 405 100
268 333 37
273 157 74
158 204 36
149 330 45
165 90 32
306 18 49
313 147 63
302 85 23
62 315 50
10 423 23
313 158 6
333 99 63
89 22 59
173 325 79
144 231 85
417 58 2
470 398 40
362 388 55
117 304 24
35 355 12
409 227 79
94 465 100
186 112 49
109 55 70
100 343 66
237 264 98
289 227 61
296 454 15
462 481 47
104 41 67
280 116 82
4 134 67
59 429 91
8 215 19
347 247 40
355 313 23
154 141 17
399 272 93
133 332 60
411 317 16
287 221 85
80 334 58
98 379 73
256 75 23
297 85 89
245 438 58
147 204 97
209 187 8
63 101 27
199 220 83
491 409 10
10 391 49
129 402 42
40 34 77
305 381 31
162 251 65
102 427 98
352 333 10
498 443 37
3 379 25
76 291 18
260 336 75
33 88 18
307 225 67
292 289 49
273 410 82
459 322 47
308 225 2
494 65 1
48 407 78
81 6 24
42 98 24
139 57 10
159 178 21
392 212 96
488 407 45
398 191 31
439 498 41
167 301 78
53 334 99
236 169 21
434 417 29
25 320 4
400 488 79
356 305 77
179 213 4
427 227 14
54 58 43
398 263 30
200 137 26
457 376 97
422 423 57
143 251 38
484 222 42
211 284 89
210 59 4
53 192 49
349 371 88
497 236 32
417 150 100
59 89 11
243 34 49
420 275 13
268 431 55
70 154 52
10 5 32
245 163 40
449 54 93
113 183 86
97 292 75
73 226 22
97 96 95
79 487 42
88 264 49
87 10 32
373 255 44
236 312 29
11 4 33
29 496 47
120 279 9
22 402 16
96 233 19
430 274 3
47 491 11
4 78 10
242 335 73
474 496 32
314 214 78
126 431 57
458 2 61
426 125 5
73 24 18
263 238 48
227 123 70
106 454 28
189 448 9
388 18 56
305 412 12
405 490 97
436 97 3
242 310 57
118 270 88
120 55 74
322 340 41
34 423 63
51 357 36
282 244 46
11 223 30
187 365 48
97 179 3
474 403 54
262 19 21
360 113 27
32 257 56
185 409 13
282 70 27
115 15 38
27 435 87
370 120 63
246 45 8
189 217 53
234 55 24
220 381 64
81 404 93
335 136 79
304 372 84
179 195 16
41 126 42
401 141 89
320 271 81
122 15 18
265 198 19
325 383 84
353 74 25
148 40 54
308 135 67
46 328 6
393 300 45
216 41 96
143 8 27
246 270 21
447 100 67
246 108 70
245 284 1
69 343 92
103 389 74
459 114 8
51 304 54
207 406 30
391 49 53
68 497 6
271 137 8
381 472 71
144 58 66
354 385 38
497 1 36
314 6 40
301 410 87
300 326 3
354 372 34
40 0 35
274 338 54
386 9 89
163 179 26
285 279 43
20 9 82
385 73 94
234 319 99
183 199 86
89 312 65
468 176 24
16 115 69
456 167 72
402 357 92
449 339 45
403 153 87
161 293 86
387 121 4
259 439 4
189 190 78
326 465 67
375 295 91
87 69 1
449 48 82
269 336 33
367 118 42
40 343 51
56 111 66
18 404 44
304 257 20
248 315 59
263 98 57
203 251 67
29 341 48
456 375 84
111 212 14
323 474 15
250 75 98
412 454 38
77 202 83
209 319 64
218 122 16
115 219 68
123 131 27
175 29 94
327 471 63
308 36 1
168 138 17
380 342 9
27 220 15
329 265 73
284 307 28
58 197 60
41 287 100
103 457 63
207 105 52
314 166 46
457 120 37
227 184 22
14 383 45
110 220 30
420 396 43
424 38 65
230 220 71
176 265 7
48 123 14
293 435 8
36 87 16
416 43 83
307 467 34
464 124 73
181 363 93
120 385 26
316 11 30
225 179 33
347 105 92
413 340 55
78 362 80
110 267 60
445 361 24
444 343 5
102 114 61
149 105 61
308 72 46
428 15 67
328 377 59
153 38 5
438 208 3
438 105 29
138 98 98
364 4 88
3 29 4
349 49 10
494 347 80
380 51 60
263 480 64
205 276 38
96 396 37
360 47 19
440 117 96
331 139 7
161 93 94
499 453 20
423 499 9
6 480 81
20 171 55
125 74 52
453 191 59
399 87 19
20 344 90
290 101 34
252 206 81
366 64 64
66 365 18
231 136 68
427 312 84
126 139 37
8 20 35
243 301 83
382 267 28
190 179 51
162 378 93
117 178 47
317 28 45
183 79 31
200 121 96
310 392 67
243 26 18
88 455 16
11 465 19
102 271 38
199 65 70
216 22 14
372 240 88
430 401 86
27 431 18
67 312 77
142 456 3
289 416 100
471 457 67
120 2 32
88 300 57
364 294 89
379 405 9
397 56 3
335 303 87
378 344 7
403 33 84
144 87 29
487 300 100
17 385 75
447 38 47
33 187 71
93 221 7
153 136 34
36 403 26
288 191 65
263 42 81
470 210 70
179 424 78
477 310 34
139 205 42
56 481 27
379 135 71
329 488 31
334 232 65
153 366 18
215 392 25
15 246 3
367 121 70
336 299 49
469 7 15
447 243 25
125 169 86
371 409 79
85 415 17
150 96 37
204 346 42
42 378 37
294 305 51
442 250 37
163 338 64
170 81 86
358 231 79
491 241 88
414 289 97
136 192 47
315 29 31
287 123 40
172 187 44
19 68 30
493 440 15
7 169 48
388 90 26
140 469 92
278 318 70
266 94 98
472 481 63
404 288 41
189 322 21
14 134 78
211 498 76
241 260 19
191 221 72
256 329 28
496 4 50
129 38 38
458 83 32
87 332 60
34 456 13
371 369 75
99 6 89
217 347 15
146 105 53
176 210 26
325 212 89
101 433 11
405 14 14
390 345 33
182 292 77
272 68 48
363 287 62
430 123 10
134 39 43
202 305 21
337 31 47
464 474 25
63 383 4
360 150 53
354 20 25
426 402 50
208 52 15
348 200 35
253 83 69
213 289 19
253 290 33
124 196 91
244 215 99
496 374 97
342 259 63
26 357 10
284 328 58
441 398 52
421 61 1
435 88 44
228 461 98
85 460 9
354 314 29
90 423 60
216 26 97
202 109 61
109 458 12
108 314 4
23 230 21
487 334 46
75 113 63
475 56 67
95 241 73
69 148 100
310 142 8
410 297 59
31 36 66
44 81 9
252 380 98
386 112 82
10
173 181
348 352
358 343
179 219
66 433
412 66
130 97
222 181
173 124
69 377
