1586 1730 2522 10
1 1205
2 1157
2 1714
2 1591
2 124
2 1588
2 1093
1 263
1 1205
2 1714
2 155
1 1074
2 1035
1 1097
1 358
1 647
2 1714
1 1337
1 341
2 1592
1 1195
1 726
1 109
1 1080
1 736
2 890
1 1205
2 366
2 1063
1 45
2 606
1 915
2 1486
1 1097
2 1197
1 673
1 345
2 885
1 1195
2 366
1 114
1 736
1 1276
2 1709
2 1714
1 1467
2 1564
1 362
2 1486
1 1442
1 920
2 1714
2 1033
2 1591
2 1330
2 961
2 1591
2 1163
2 1481
2 90
2 1528
2 1101
2 48
1 124
2 1486
1 1467
1 294
1 362
1 1530
2 60
1 736
2 342
1 396
2 63
1 362
2 1591
1 1467
2 366
2 1212
1 1499
2 1293
2 1714
2 1714
1 1467
2 1695
2 1249
1 44
1 362
1 45
1 45
2 366
1 45
2 1541
1 362
2 977
2 1486
1 414
2 1714
1 978
1 1372
2 1556
2 1295
1 1334
2 1714
2 1063
2 916
1 1205
1 551
2 1723
1 108
1 432
1 1285
1 955
2 812
1 348
2 1063
1 325
2 1394
2 1591
1 694
2 243
1 1164
1 827
2 1312
1 736
2 1714
1 183
1 1467
1 736
1 439
2 658
1 367
2 1316
1 819
2 366
2 1486
2 1591
1 45
2 363
1 1391
1 969
2 57
2 1591
2 1591
2 66
2 34
2 861
1 362
2 645
2 1553
2 939
2 366
2 67
1 362
2 420
1 1555
2 1591
2 1449
1 916
1 673
2 1106
2 1264
1 1432
1 1455
1 565
2 1073
1 1467
1 1165
1 736
2 923
2 800
2 496
2 366
2 1063
2 565
2 398
1 45
1 1315
2 1591
2 1064
2 1063
2 366
2 1486
2 1591
1 1270
1 736
1 815
2 366
1 720
1 673
1 646
2 1335
2 1591
1 630
1 1355
1 642
1 1105
1 1553
1 1467
2 1486
1 780
2 366
2 760
1 1047
2 1221
2 1071
2 1591
1 1467
1 124
2 370
1 581
2 949
2 1063
1 207
1 1102
1 362
1 794
1 362
1 1205
2 1495
1 129
2 1063
1 1097
1 1426
2 1461
1 1102
2 1714
1 641
2 1591
1 176
1 1220
2 1714
1 1287
1 425
1 1467
2 1591
2 92
1 1081
2 1591
2 366
1 799
1 1467
1 1195
2 799
1 1283
2 453
1 1357
2 1251
1 1102
2 366
1 976
2 1274
1 1195
2 1195
2 1549
1 132
2 366
1 1381
2 89
2 65
1 161
2 321
2 1430
1 670
1 930
2 1591
2 366
2 1670
2 1591
2 247
2 600
1 425
2 1030
2 1361
1 669
2 1063
2 1591
1 159
1 402
2 193
1 698
1 353
2 240
2 195
1 1397
2 568
2 762
2 783
1 1467
2 366
1 736
1 1295
1 1467
2 1486
1 56
1 1102
2 610
1 1042
1 673
1 1545
2 1591
1 42
2 1591
2 170
2 287
2 1435
2 1035
1 812
1 1076
2 1338
2 1230
2 698
1 736
1 1097
1 1102
2 438
1 514
1 1102
2 1172
1 1031
2 367
2 366
1 322
1 254
2 1714
1 362
2 730
2 664
2 366
2 1591
2 1061
1 673
2 898
1 1410
1 1386
2 1486
2 1681
1 1455
1 362
2 1063
2 63
2 1591
1 635
1 730
2 1591
2 1486
1 1172
2 1354
1 1586
1 1205
1 1406
1 673
2 1119
2 1714
2 981
2 366
2 1239
1 1501
1 90
2 1362
2 1591
2 1714
2 1486
2 1355
2 706
2 1591
2 91
2 616
2 1528
2 1486
2 1486
2 286
1 749
1 1232
1 1300
2 1239
2 929
2 1063
2 927
2 366
2 1063
2 787
2 1063
1 714
2 604
1 1097
1 19
1 1237
2 1465
1 1485
2 366
1 1102
1 1205
2 1714
1 717
2 779
2 767
1 800
1 182
1 1467
2 366
1 820
2 246
1 1394
1 1097
1 736
1 1401
2 1486
1 1123
1 1195
1 1227
1 840
1 1195
1 580
2 1191
1 736
2 1591
1 1097
1 857
2 1591
2 1446
1 673
2 1714
1 736
1 1333
1 586
2 1042
1 1102
2 1063
1 673
2 867
2 373
1 1205
2 1221
2 1591
1 1332
2 905
1 362
2 846
2 388
2 366
2 77
2 697
2 996
2 524
2 1350
2 644
1 114
2 33
1 1336
1 1205
2 794
1 590
2 1498
2 1063
2 1591
2 1010
1 935
2 1486
1 1097
2 521
1 1332
2 87
2 417
2 1063
2 1063
1 1487
2 785
2 366
2 979
2 604
2 1714
2 366
2 1063
1 1337
2 1591
2 1542
2 1486
2 84
2 97
1 1089
2 42
1 736
2 1168
2 453
1 1201
2 1714
1 1230
2 1591
2 1591
2 375
1 45
2 366
2 590
1 362
2 1486
1 196
1 1102
2 1454
1 201
1 782
1 45
2 820
1 736
2 1546
2 386
2 37
1 953
1 673
1 736
1 1102
1 187
2 1591
1 1352
1 45
2 111
2 366
2 203
2 365
1 1279
1 736
1 559
2 742
2 1591
1 362
2 1680
1 1185
2 232
2 914
2 344
1 1253
1 721
1 1102
2 366
1 825
2 1714
2 1063
1 525
2 389
2 1098
1 863
2 430
2 1591
2 1636
2 1696
2 1486
1 761
2 366
1 45
2 1108
1 441
2 362
2 1486
1 1195
1 448
1 1052
1 765
1 1269
1 840
2 1714
1 1097
2 1063
1 481
1 415
2 1486
2 664
1 1205
1 1195
2 1591
1 362
1 1244
2 1486
2 720
1 1087
1 96
2 1486
1 727
1 736
2 366
2 954
2 366
2 1063
1 736
2 72
2 1591
1 1377
2 1024
2 669
1 1195
1 1097
2 366
1 782
2 1192
2 1534
2 366
1 1521
2 1486
2 1714
1 274
2 1551
2 922
2 1714
1 905
2 120
2 1641
2 1114
2 1714
1 582
1 1555
1 1468
2 404
1 1354
1 351
2 1486
1 875
1 1205
2 1591
2 204
1 889
1 440
1 1205
2 1063
1 709
2 585
1 565
1 830
2 1402
2 297
1 1053
2 366
2 873
1 683
2 835
1 1416
2 631
2 1486
1 1205
1 1234
2 1576
2 923
1 1406
1 1031
1 45
2 1240
2 1714
2 1039
2 1138
2 1714
2 1063
1 45
2 1063
1 1097
1 1311
1 400
1 1102
1 810
1 1097
1 45
1 1205
1 1467
1 394
2 1714
1 327
1 1259
1 718
1 168
1 1102
2 1481
2 900
2 662
2 1486
2 1326
2 1468
2 1486
1 94
2 1602
1 362
1 1558
1 1467
1 1467
2 1223
2 1063
1 1195
2 1316
1 663
2 251
2 95
2 1063
1 1102
1 290
1 736
1 507
1 673
1 901
2 827
2 1063
2 1714
2 1486
1 362
2 810
1 767
2 1714
1 583
1 1097
2 1088
2 897
1 925
2 638
2 366
2 178
1 554
2 1714
2 530
2 530
2 892
1 1144
1 1205
2 366
1 1530
2 1714
1 1194
2 1158
2 1699
1 45
1 508
1 673
1 416
1 1097
1 362
1 1097
2 1220
2 1486
1 145
1 816
2 1714
2 592
1 964
2 1486
1 703
2 153
2 1063
2 1046
2 1637
2 1063
2 274
2 1590
2 1226
2 947
2 101
1 2
1 908
2 1591
2 128
2 1486
2 1063
2 266
1 362
1 455
2 249
1 1467
1 736
1 30
1 774
1 467
1 800
2 1301
1 736
2 1528
1 1563
2 1063
2 387
1 203
1 1102
2 1063
1 589
2 1063
2 268
2 134
2 1593
1 784
2 1714
2 1714
1 842
1 1054
1 1414
1 1195
2 380
2 441
2 997
1 922
1 1566
2 1243
1 1205
1 1195
1 600
1 1102
1 1205
1 92
1 1195
2 49
1 1467
2 2
2 1714
2 1063
1 1298
1 450
1 1171
1 1467
1 736
2 1109
2 1591
2 1084
1 1129
2 366
1 1195
2 1591
2 1063
1 816
2 1603
2 1264
2 1591
2 1335
2 1486
1 192
2 366
1 45
1 45
1 1195
1 127
2 1063
2 1063
1 1116
1 1116
2 860
2 24
1 49
1 1536
1 1006
1 964
2 191
2 574
2 366
1 522
1 531
1 1158
1 1338
1 673
1 222
2 1486
1 1097
1 801
2 366
2 1591
2 1250
2 826
1 385
1 1162
1 149
2 366
2 700
1 1382
2 1486
1 791
2 1063
2 1310
1 45
2 1063
2 1573
2 1730
2 366
2 1603
2 1560
2 1063
2 1063
1 1449
1 45
1 1102
2 1516
1 45
1 695
2 1486
2 913
1 673
2 42
1 45
1 914
1 69
2 366
2 710
2 1591
2 616
1 1102
2 1591
2 425
2 1661
1 756
2 1063
2 705
1 1102
2 1486
1 1545
2 654
1 1406
1 426
1 1111
2 1309
2 610
1 1467
2 1591
1 736
1 828
2 391
2 129
1 1467
2 1591
1 736
2 1362
1 1464
2 1591
1 1394
1 1205
1 1102
2 1063
1 736
2 1648
1 1258
2 1248
2 366
1 1306
2 1063
1 369
1 794
1 362
2 1591
2 667
2 1486
1 510
1 734
1 1102
1 45
2 395
2 283
2 371
1 362
1 1467
1 1439
1 1195
1 1467
2 1722
2 846
2 1527
1 1247
1 362
2 173
2 1591
2 1099
1 736
1 950
2 704
2 1174
1 673
2 1591
2 1049
2 1486
2 115
1 736
2 1549
1 1539
2 803
2 1714
1 1128
1 1205
1 1102
2 920
1 736
2 390
2 1180
2 366
2 223
2 1591
1 837
2 540
2 1714
1 45
1 362
2 1612
1 1195
2 418
2 1319
1 612
2 1063
1 1111
1 736
2 378
1 46
1 952
2 1486
1 471
2 1649
1 1093
2 75
2 1516
2 1486
1 1102
1 750
2 1486
2 837
1 1122
1 45
2 21
1 1467
2 497
1 702
2 1591
2 1591
1 1573
1 507
1 150
1 482
1 1102
2 366
1 11
1 10
1 1102
2 569
2 1272
1 465
1 1205
2 1486
2 1714
2 264
2 990
1 45
2 133
1 1207
1 823
1 1097
2 486
1 362
2 1614
2 366
1 1373
2 1063
1 876
1 975
2 1591
1 986
2 1486
2 1063
2 1486
2 901
2 463
1 1499
1 1478
1 1531
1 73
2 693
1 473
1 76
2 1225
1 736
1 362
1 1344
2 312
1 759
2 139
2 88
2 213
1 115
2 1714
2 1714
2 135
2 1203
1 1467
2 776
2 1561
1 1150
1 200
2 780
1 1348
2 5
1 839
1 473
1 611
2 299
1 82
2 1090
2 1591
1 1162
2 443
1 775
2 918
2 980
1 485
2 1450
2 1591
2 366
1 362
1 45
1 736
1 45
2 1544
1 1425
1 1102
1 65
1 1102
2 248
2 1714
1 524
1 488
2 759
2 692
1 1268
2 536
2 1190
2 547
2 1063
2 1496
1 1454
1 1102
1 983
2 1591
2 898
2 1365
1 836
2 1721
2 1591
2 1514
1 1471
1 1097
2 683
1 955
1 479
1 425
2 1714
1 758
2 1724
1 1186
2 1591
2 1063
1 1195
1 196
2 1523
1 50
1 1195
2 239
2 366
2 1591
1 1467
2 769
2 1620
2 1370
1 673
1 673
2 1591
1 9
2 1591
2 1538
1 433
1 1508
1 1205
1 736
1 1449
2 1486
1 1417
2 1035
1 1049
2 709
2 366
2 583
2 1714
2 1555
1 1102
2 1486
2 1063
1 1058
1 1205
1 514
2 708
2 1063
1 41
1 1313
2 1714
1 1205
1 383
2 1486
1 707
2 1063
1 1195
2 1063
2 898
1 736
1 714
2 1063
2 1591
2 832
2 707
1 736
1 1102
1 900
2 366
1 896
1 1469
2 1591
1 161
1 1467
1 248
2 1502
1 736
2 820
2 1730
2 75
2 650
2 1179
1 559
2 658
1 362
2 220
1 1205
2 1001
2 1486
2 1063
2 1032
2 1152
2 1316
2 919
1 903
1 1195
1 762
2 1486
1 1199
1 671
1 45
1 1075
2 409
2 1714
1 396
2 1714
2 1486
2 472
1 372
2 1426
1 362
1 1195
1 1195
2 1370
1 1205
2 530
2 610
2 64
1 483
1 37
2 1476
1 1114
1 1401
2 409
1 813
2 1591
2 1707
1 1102
2 1714
2 1402
2 1063
2 1486
1 1413
2 1316
1 1089
2 1543
1 655
1 428
1 960
2 1667
1 362
1 736
2 1666
2 1063
1 319
1 45
2 651
1 433
2 1045
2 531
1 1349
1 362
2 1238
2 1714
2 1063
2 1694
1 1195
1 288
1 1116
2 1063
2 1486
2 303
1 1098
2 19
2 1063
2 626
2 1382
1 1005
1 673
1 321
1 1097
1 1195
1 673
1 1567
1 641
2 1591
2 1063
1 673
1 1491
2 1677
2 1316
2 1311
1 977
2 737
2 545
1 673
2 282
2 59
1 1195
1 14
2 1591
1 362
1 1013
1 736
2 340
1 1102
2 1486
1 1437
1 736
2 1728
2 366
1 1269
1 1102
2 1663
1 1100
1 1097
1 1205
1 1153
2 1486
2 171
2 639
1 1195
1 1467
2 1325
2 1320
1 1314
2 366
1 1467
2 1063
2 1602
2 1488
1 1215
2 1158
1 1425
1 825
1 1102
2 366
1 673
1 1097
1 434
1 969
1 1205
2 1185
1 1247
2 1486
2 1490
2 1063
1 1195
2 439
1 1428
1 1467
2 366
2 1628
1 1563
2 1486
1 570
1 1097
1 1444
2 1486
2 1254
2 1259
2 482
1 1266
2 448
2 1591
1 45
2 1248
2 1269
2 889
2 427
2 366
1 1467
2 1486
2 1422
1 563
2 366
1 597
2 1641
1 673
1 1102
1 555
1 1234
2 1591
2 1063
1 237
1 883
2 1297
2 1591
1 1461
2 366
2 1591
2 400
1 1497
1 528
2 158
1 16
1 709
2 1486
1 1032
2 46
2 832
1 1205
2 524
1 736
2 1002
1 521
1 45
2 366
2 1486
1 1100
2 1486
2 919
2 1039
2 749
2 1606
1 734
1 8
1 261
2 748
2 803
2 1182
1 1045
2 1486
1 172
2 1714
1 1507
2 366
2 140
2 1641
2 1063
2 358
1 1097
2 1237
2 1063
1 750
1 1394
2 569
1 502
2 1365
2 1486
2 376
1 481
1 1205
1 1467
2 366
2 1233
2 1670
2 618
1 1575
2 1591
2 1056
1 1467
1 1205
2 1714
1 1427
1 1408
2 1714
1 1097
1 521
2 1063
2 538
2 366
1 1098
2 1714
1 848
1 45
2 1486
1 875
2 1063
1 1205
2 388
2 898
1 1102
1 362
1 91
2 790
2 366
2 233
1 736
1 1102
2 208
2 1670
1 365
2 1063
2 91
1 118
1 441
1 653
1 1097
1 1097
2 1318
1 1076
2 606
2 1063
2 366
2 1206
2 630
1 1363
1 736
2 1063
1 861
2 366
2 1063
1 736
1 362
1 572
1 307
1 1102
2 1617
2 1591
2 130
1 738
2 103
2 323
1 689
2 488
1 1093
1 1097
1 200
1 475
2 1714
2 771
1 1205
2 107
1 1467
2 1180
1 379
1 673
2 1063
2 115
1 1205
1 736
2 564
2 861
2 205
2 366
2 855
2 366
2 1591
1 984
1 295
1 1046
2 1063
1 79
2 1591
2 1486
2 1714
2 1591
2 1363
2 1714
2 771
2 1661
1 1212
2 664
2 1186
1 157
1 1102
1 1093
1 1496
2 1591
1 45
1 1467
2 1591
1 695
1 96
2 932
1 736
2 1063
1 239
1 1102
2 1106
2 1665
2 1714
2 1591
1 1258
1 1172
1 1467
2 1480
2 1719
2 968
1 1236
2 1714
2 545
2 734
1 45
1 1272
1 1231
2 1714
1 362
1 362
2 1591
1 1447
1 1097
2 137
2 537
1 236
1 844
1 1195
2 1026
1 393
1 1547
2 1714
2 1458
2 1714
1 45
2 653
2 922
1 215
2 366
2 1714
1 1205
1 1102
2 908
2 679
2 254
2 1556
2 86
1 673
2 809
2 204
1 736
1 1097
2 834
2 721
2 612
2 366
1 639
1 168
2 1645
1 1379
2 366
2 233
2 366
2 982
2 203
2 383
1 362
1 1112
2 1318
2 366
2 638
1 707
1 656
2 100
2 497
2 1486
1 717
2 1591
1 133
1 1125
1 904
2 533
2 1651
1 1102
2 512
2 118
1 1331
1 673
1 673
1 359
1 423
1 1102
2 606
1 1195
1 1102
1 673
1 1496
1 1534
1 1308
2 1084
1 1195
2 1001
2 1714
2 1591
1 32
2 1591
2 1714
2 154
1 1205
1 1419
2 508
2 992
1 159
1 45
2 1063
2 1486
1 1212
1 1247
2 1591
1 362
1 1520
1 557
2 1063
1 578
2 1486
1 222
2 1591
1 628
1 1102
2 278
1 1205
2 1646
1 1466
1 19
1 484
2 1714
1 931
1 1195
1 247
2 1714
1 659
2 1218
2 887
1 1403
1 1142
2 1281
1 1195
1 1213
2 1714
1 1102
2 1486
1 1102
2 1110
1 1564
2 991
2 1063
2 1385
1 1467
1 555
1 1088
1 61
1 366
2 1714
2 145
1 1222
1 749
2 1030
2 280
1 243
2 1569
1 1195
1 175
1 1165
2 985
1 362
1 362
1 718
2 1591
2 366
2 358
2 1063
1 1097
2 1170
1 1558
1 1051
2 1591
1 362
2 728
2 511
2 1486
1 673
1 564
1 1206
1 45
2 227
2 366
1 362
2 760
2 1714
2 1714
2 1486
2 1591
1 72
2 1063
2 366
2 881
1 557
1 451
1 362
1 45
1 680
2 1063
2 1063
1 873
1 884
2 1714
2 455
2 1486
2 1280
1 456
2 1717
1 684
2 1504
1 500
2 1620
1 1279
2 777
2 749
2 525
2 4
1 993
1 1438
2 366
1 1467
2 852
1 204
1 1102
1 1003
1 673
1 358
1 865
2 1063
2 1183
1 1102
1 554
2 1323
2 366
2 873
2 1167
1 1531
1 1525
1 227
1 1156
1 1065
1 736
1 27
2 1486
1 1155
2 1406
1 1287
1 1102
2 1031
1 41
1 31
1 1205
2 207
1 219
1 461
1 75
1 644
1 111
1 906
2 366
1 673
2 58
1 1499
2 1063
1 1467
1 1200
2 283
1 663
1 1321
1 1448
1 1121
1 330
2 275
1 1534
2 1714
2 1541
1 176
1 1299
2 886
2 1486
2 279
1 718
2 21
1 1292
2 1486
2 1280
1 1371
2 762
2 419
2 1714
1 1097
1 191
1 1330
2 1063
2 1615
1 1205
1 140
2 1223
1 875
2 1591
1 1293
1 1195
1 1097
1 45
2 1063
2 1486
2 700
1 673
2 1486
1 958
2 1396
2 1252
1 883
1 667
1 1195
2 490
1 402
1 987
1 1102
2 1551
2 509
2 1486
1 1032
2 104
2 1063
1 1097
2 1591
1 1263
1 1089
1 1102
2 708
2 154
2 1453
1 1500
2 1591
2 149
1 1193
2 1487
1 1156
2 1714
1 892
1 1205
2 483
1 391
1 1068
2 1502
2 1714
1 1010
2 692
1 1195
2 1486
2 1539
2 1486
2 383
1 1205
2 64
1 307
2 875
1 1201
1 1332
2 659
1 379
2 545
2 561
2 1063
2 401
2 1162
1 1201
1 1535
2 480
2 1063
1 309
2 16
1 1550
2 1591
1 1012
1 1565
1 1467
2 366
1 736
2 1519
2 366
1 419
2 940
1 1032
1 1467
1 1195
2 1618
2 366
2 1714
2 1162
2 1063
2 380
1 891
1 1090
1 384
2 1006
2 1631
2 1591
2 1277
1 1467
2 581
2 30
1 1102
1 1467
1 731
1 1582
2 84
1 547
1 362
2 1591
1 176
2 880
1 1102
2 1486
1 825
2 20
1 45
2 1486
1 673
1 877
2 1352
2 1063
1 1467
1 736
1 405
2 366
1 1097
1 736
1 68
2 1216
1 1126
2 405
2 1486
1 1103
1 45
1 45
2 1486
2 1486
2 162
1 762
1 362
2 366
2 938
1 1438
1 1205
2 1361
1 182
1 213
1 499
2 1684
1 1177
1 736
1 1102
1 1097
2 1567
1 1195
2 1714
2 839
1 176
1 115
1 527
1 745
1 1360
2 1591
2 151
1 1467
1 1188
2 1229
1 1205
1 1467
2 953
1 1350
1 1097
1 589
2 1242
1 602
1 539
2 1377
2 940
2 291
2 61
1 1248
1 905
1 736
1 1218
1 1090
2 1094
1 1097
1 45
2 1486
2 1591
2 1374
2 420
2 977
1 229
1 362
1 1343
1 1467
2 85
2 366
1 1205
1 1503
2 1714
1 673
1 924
2 1429
2 291
1 736
1 263
1 1102
2 366
1 22
1 1152
2 366
1 673
1 736
2 366
2 1714
2 1063
1 1069
1 1205
2 785
2 1591
2 1063
1 736
1 1498
1 1205
2 366
2 1714
2 568
2 712
2 1631
2 366
1 708
1 45
1 776
1 248
1 161
1 45
2 1113
1 736
1 906
2 1404
1 362
2 192
2 488
1 60
1 882
1 1205
2 1591
1 1102
1 572
1 1102
1 1097
1 1195
1 319
2 1547
2 1591
2 1486
1 1097
1 1195
1 232
2 1714
1 1467
1 546
2 1142
2 167
1 1103
1 547
2 1719
1 720
1 309
1 534
2 1714
1 673
1 781
1 290
2 349
1 45
2 550
1 1205
1 1467
1 1102
1 1438
2 848
2 1063
1 1195
1 673
1 1439
1 254
2 10
2 1293
1 961
1 231
1 1195
2 473
2 1444
1 1376
2 1486
2 487
2 602
2 701
2 663
2 1591
2 1063
2 598
2 513
1 340
2 1286
1 1421
1 579
1 729
1 1373
1 673
1 1087
1 46
2 366
2 1591
1 736
1 673
2 1356
1 1230
2 871
2 50
1 698
1 975
1 1239
1 1335
1 1460
1 737
1 386
1 736
1 1034
2 1729
2 1132
2 366
2 1063
2 1063
2 311
2 334
1 45
1 45
2 1202
1 118
2 1486
2 1063
1 673
1 1112
2 193
1 199
2 1714
2 1591
2 231
2 1714
1 597
2 78
2 1714
1 1290
2 1591
2 327
2 508
1 89
2 1714
1 654
2 366
1 68
2 402
2 1591
2 387
1 362
2 597
2 1132
1 1141
1 405
1 1529
1 1102
2 308
2 1063
1 1467
2 1714
1 1507
2 1486
1 724
1 257
1 344
2 1486
2 366
1 206
1 966
2 674
1 362
1 1470
2 1063
2 1048
2 1624
2 1063
2 1714
2 1486
1 45
1 1456
1 1449
1 736
1 673
1 811
1 1206
1 237
1 1467
2 1690
1 1155
2 1063
1 1097
1 688
1 1368
2 366
1 1113
1 417
1 1336
2 1671
2 1128
2 1005
1 45
1 365
2 321
2 720
1 479
2 1244
1 657
1 703
1 45
2 366
1 203
2 157
1 1501
2 785
2 1165
2 114
1 1421
2 415
1 1467
1 644
2 87
2 1591
1 1097
2 1636
1 308
1 1467
1 1097
2 1534
2 491
2 1238
2 989
1 1205
1 1205
1 86
1 1102
1 1097
2 1591
2 835
1 786
2 1103
1 182
2 1591
2 767
2 84
2 504
2 1501
1 1097
1 72
1 1102
1 1466
1 736
1 1045
2 328
1 1234
1 362
2 1486
1 594
2 1591
2 366
2 172
1 1527
2 1396
1 1467
2 1364
1 1305
1 1467
1 1512
1 362
1 1265
1 638
1 1414
1 1169
2 1061
1 45
1 830
1 1097
2 131
2 1486
1 1025
2 1244
1 1191
2 802
2 1637
2 1486
1 673
2 388
2 746
1 1205
1 1097
2 1665
1 1195
1 1240
1 518
1 483
2 1510
1 567
1 1381
1 654
1 970
2 1063
2 915
2 1714
1 1097
2 1616
2 604
1 304
1 905
1 852
2 852
1 1218
1 136
2 69
2 1063
1 1467
1 774
2 1428
2 1591
1 1195
1 45
1 1097
1 1467
1 403
2 911
1 255
1 673
1 395
2 1714
2 1241
2 245
2 1437
2 1214
2 1493
2 1265
2 295
1 362
1 265
2 1591
2 79
2 600
2 1238
2 142
2 24
1 1205
2 352
2 366
1 1456
1 1467
1 861
2 445
1 683
1 1300
2 316
2 1061
2 1617
2 366
2 1302
2 21
1 603
2 1591
1 1140
2 852
1 736
2 1236
1 1467
2 366
2 1591
2 1486
2 1591
1 1437
2 1714
2 1603
2 366
1 1467
1 1047
1 45
2 1486
2 1063
2 366
2 1096
2 519
1 362
1 1216
1 1479
1 509
1 362
2 1160
1 90
2 313
2 1063
2 366
1 1195
2 1486
2 717
2 479
1 1452
2 1714
